0 1
2 3
4 5
6 7
8 9
10 11
12 13
14 15
16 17
18 19
20 21
22 23
24 25
26 27
4 28
29 30
31 32
33 34
35 36
8 26
37 38
8 39
40 41
4 42
43 44
45 46
47 48
29 49
50 51
45 52
53 54
55 56
57 58
59 60
61 62
14 63
64 65
66 67
68 69
70 71
15 72
73 74
75 76
77 78
79 80
81 82
24 83
84 85
24 86
8 87
46 88
89 90
9 91
6 92
24 93
33 22
1 94
95 96
97 98
4 99
100 101
102 103
104 105
106 107
108 109
43 110
111 112
113 114
110 115
81 116
57 117
96 118
119 120
121 122
8 123
124 33
124 125
126 127
128 129
24 130
131 20
132 133
51 134
135 136
124 57
68 137
54 138
35 24
64 139
140 141
142 143
14 144
145 146
108 147
75 148
35 149
9 150
151 152
151 153
45 154
97 155
156 70
39 157
6 158
159 160
161 162
48 163
164 165
14 166
8 167
54 168
169 170
97 171
47 172
173 174
50 175
9 176
47 177
84 178
6 179
180 181
59 182
35 183
184 185
186 187
6 10
128 188
68 189
44 190
191 192
193 194
97 195
50 196
124 197
198 199
164 200
201 202
45 203
180 204
205 206
207 208
57 209
15 210
211 102
14 212
213 84
6 214
36 215
128 216
134 217
53 218
140 219
180 220
180 66
221 222
77 223
224 225
62 6
89 226
110 227
228 229
6 230
53 231
232 233
233 234
155 235
131 145
14 79
236 237
238 239
240 241
242 243
189 244
245 246
247 248
106 249
54 250
251 252
253 254
95 100
197 255
256 207
257 121
113 258
4 259
260 261
262 263
264 265
40 266
221 267
268 269
79 270
68 271
81 169
183 272
273 274
59 111
275 276
50 77
231 277
135 278
50 75
42 18
149 279
79 16
37 280
140 281
282 283
6 284
75 285
61 124
53 286
45 287
288 289
33 247
131 198
106 290
45 291
50 292
131 293
105 294
131 295
75 296
297 298
299 300
37 301
33 302
149 303
50 262
215 304
97 305
15 306
190 307
308 309
151 310
62 311
149 312
96 313
140 314
68 315
316 317
84 318
87 319
9 320
189 321
64 297
4 322
323 191
97 324
325 326
50 205
131 40
48 327
328 329
47 268
47 330
188 331
97 332
333 334
81 335
158 236
336 337
164 338
339 340
257 341
45 342
188 343
344 345
110 346
144 347
50 180
121 348
333 349
278 350
14 351
75 352
180 353
354 355
308 356
95 357
106 328
333 358
359 360
128 361
362 363
311 12
364 365
81 325
81 366
43 367
368 369
111 55
106 273
292 370
20 371
33 245
43 372
373 68
37 374
310 333
79 242
43 375
181 164
50 53
68 376
45 377
50 64
95 378
368 379
53 380
108 381
131 106
119 260
50 201
8 382
96 383
37 384
63 238
385 386
272 387
240 388
357 389
61 390
45 391
51 392
393 394
121 395
64 396
45 73
113 397
8 398
47 240
75 399
149 400
6 401
31 402
51 403
62 128
219 404
405 406
95 362
131 407
166 408
409 410
411 412
51 413
128 224
84 414
149 415
33 416
417 418
78 419
51 420
421 422
376 423
391 424
54 425
308 426
128 385
124 37
278 427
47 428
8 429
405 430
58 431
43 336
40 432
15 368
433 434
204 435
45 436
373 151
8 437
6 438
35 0
405 439
43 140
196 440
0 441
75 442
443 444
8 421
445 446
298 447
53 448
35 449
450 451
95 393
61 373
50 59
8 159
452 453
454 161
1 455
59 456
124 119
390 264
263 457
121 458
48 459
315 460
48 461
6 433
6 354
61 95
213 288
6 339
141 462
33 463
128 186
272 464
97 465
95 466
8 232
275 467
68 468
106 469
6 470
48 471
37 253
18 472
298 473
61 454
4 474
62 8
77 411
9 475
79 476
59 477
131 184
189 478
33 251
140 479
84 480
380 481
61 213
43 482
106 483
398 484
485 486
104 487
62 43
295 344
50 47
14 488
53 489
42 490
8 491
131 29
45 492
128 4
221 493
40 494
341 228
128 485
323 495
300 496
47 497
491 498
50 417
131 142
62 45
68 499
105 500
251 501
97 502
95 503
35 450
454 504
495 505
4 506
108 507
89 508
45 509
69 510
511 512
4 513
189 514
35 221
64 515
95 516
50 81
8 517
247 518
59 519
323 520
221 521
378 522
84 523
58 524
377 525
526 527
97 528
75 529
37 530
59 531
33 532
4 445
61 50
97 533
191 534
264 156
104 535
204 536
79 537
119 193
45 256
4 538
353 539
96 540
140 541
9 542
50 257
79 543
517 544
504 545
196 546
62 35
50 135
81 547
124 526
548 549
183 550
106 173
59 551
14 97
8 211
452 552
553 554
89 555
61 14
4 556
59 557
33 126
53 558
131 282
68 443
68 308
8 31
37 553
547 559
124 104
128 560
35 89
175 108
390 364
124 452
47 113
561 562
299 563
14 299
75 564
153 565
64 566
104 567
6 568
79 359
124 405
333 569
95 323
59 570
129 571
79 572
523 573
65 574
47 575
279 576
197 2
503 561
77 275
328 577
362 578
77 511
96 579
451 580
61 581
39 582
50 583
152 584
461 585
351 586
45 132
61 61
44 587
15 588
131 589
149 590
180 409
284 591
61 131
292 316
149 592
6 593
64 548
12 594
595 596
597 598
599 600
601 602
603 604
605 606
607 608
609 610
611 612
613 614
615 616
617 618
619 620
621 622
595 623
624 613
625 626
627 628
629 630
631 632
633 634
635 636
637 638
639 640
641 642
607 643
629 611
644 645
633 646
595 635
647 648
649 650
651 652
601 653
654 655
656 657
658 659
660 661
662 663
624 629
664 665
621 666
667 668
669 670
607 671
672 673
674 675
676 677
619 678
615 679
624 680
681 625
625 682
680 683
684 685
619 686
687 688
689 690
656 691
692 693
617 694
695 696
697 698
699 700
622 701
595 702
676 703
658 704
617 705
706 707
607 708
709 710
651 711
712 713
714 715
676 716
624 717
718 719
676 720
621 697
721 722
723 724
613 725
726 727
728 729
730 731
683 732
733 734
735 736
599 737
615 738
599 739
740 735
716 741
699 742
657 687
615 743
613 744
745 746
699 639
747 748
699 658
607 749
750 751
712 752
621 753
754 755
684 756
757 758
754 759
760 761
706 762
656 763
651 662
764 765
680 766
656 767
599 740
599 768
613 769
607 770
771 772
773 774
684 667
665 775
776 777
621 778
779 780
624 781
617 699
641 782
783 784
629 785
714 786
607 787
624 788
764 599
789 790
767 791
613 792
684 793
781 681
781 764
763 794
595 747
715 795
735 796
797 798
799 800
684 801
773 802
803 804
712 805
705 692
806 807
599 808
809 797
595 810
617 712
624 601
619 811
615 812
813 814
763 815
684 816
599 817
818 819
766 820
821 822
684 823
714 760
702 824
744 825
680 723
607 826
827 828
619 829
789 830
762 831
615 832
833 834
835 836
837 838
681 839
781 617
663 840
684 733
622 841
613 842
644 843
844 845
750 846
847 848
712 849
721 783
797 850
613 851
852 853
854 855
595 856
857 858
613 859
621 860
811 861
789 649
862 863
864 865
613 857
676 866
651 776
680 847
629 867
789 868
869 870
818 871
746 872
604 873
629 874
633 875
677 876
877 878
658 879
653 609
776 880
624 684
619 881
660 882
751 883
789 884
885 886
621 887
684 641
725 888
658 889
603 890
714 757
789 891
613 672
599 892
613 893
781 894
629 862
607 895
850 896
595 897
781 898
899 900
750 709
617 901
613 771
847 902
903 730
898 695
839 904
680 905
864 906
789 907
615 908
909 910
836 911
714 912
684 689
683 654
619 913
620 914
686 915
916 917
781 656
901 813
764 918
919 920
921 922
781 624
829 923
657 821
651 714
699 924
911 925
615 926
602 927
901 818
607 928
607 854
789 929
930 931
769 932
658 933
619 885
712 934
665 935
936 937
603 806
648 938
712 939
619 728
709 940
615 941
772 942
675 943
726 706
764 837
788 944
723 945
946 947
948 949
901 950
615 951
681 773
613 952
903 953
621 954
658 955
781 627
609 956
599 957
721 958
595 959
789 960
613 961
624 809
619 962
714 963
619 921
595 964
764 965
716 966
941 967
797 968
658 969
624 916
651 621
613 718
721 970
613 669
867 971
656 633
816 972
627 973
684 974
699 644
619 975
619 799
745 976
607 977
628 978
787 979
699 631
651 980
658 981
715 982
977 983
674 899
595 877
812 984
633 909
760 985
980 852
712 930
607 986
695 987
908 988
989 990
618 779
944 991
948 992
788 993
776 994
651 607
764 903
602 995
762 996
647 997
621 998
680 999
964 1000
903 1001
646 1002
699 1003
901 1004
750 664
613 1005
676 1006
764 674
799 1007
603 948
676 1008
681 1009
819 844
656 603
829 1010
924 1011
684 1012
898 637
691 1013
680 1014
1015 1016
653 1017
613 1018
829 1019
656 789
656 1020
1021 1022
781 651
767 1023
615 1024
615 1025
618 864
622 1026
801 1027
847 1028
714 1029
651 835
651 721
651 605
684 1030
765 1031
712 660
712 1032
676 597
721 869
615 1033
835 1021
653 1034
603 1035
603 1036
644 1037
607 936
676 1038
619 1039
607 1040
656 676
767 1041
625 1042
790 1043
618 745
680 1044
974 1045
607 919
619 1046
699 1047
656 615
721 1048
621 1049
788 1050
711 1051
595 1052
1027 1053
624 619
730 1054
1055 1056
680 647
651 750
619 833
756 1057
730 1058
789 989
712 1055
1009 1059
750 1060
826 1061
676 1062
607 1063
617 1064
1013 1065
764 595
611 946
714 1015
695 726
750 1066
789 1067
829 1068
1022 1069
789 1070
788 754
677 1071
684 827
1030 1072
617 803
763 1073
1074 1075
1076 1077
1078 1079
1080 1081
1082 1083
1084 1085
1086 1087
1088 1089
1090 1091
1092 1093
1094 1095
1096 1097
1098 1099
1100 1101
1102 1103
1104 1105
1106 1107
1090 1108
1109 1110
1111 1112
1113 1114
1115 1116
1113 1117
1118 1119
1120 1121
1122 1123
1078 1124
1080 1125
1098 1096
1098 1126
1127 1128
1129 1130
1131 1132
1133 1134
1135 1136
1102 1137
1135 1138
1082 1139
1086 1100
1080 1140
1141 1142
1143 1144
1145 1146
1088 1147
1100 1148
1082 1149
1150 1151
1080 1152
1153 1154
1078 1155
1078 1156
1086 1113
1157 1086
1113 1158
1150 1159
1090 1160
1145 1161
1162 1163
1090 1164
1165 1166
1078 1167
1082 1168
1169 1076
1125 1170
1171 1172
1082 1173
1174 1175
1176 1177
1178 1179
1088 1180
1122 1181
1116 1182
1183 1184
1185 1186
1187 1188
1086 1080
1189 1190
1090 1115
1141 1191
1192 1193
1114 1194
1082 1195
1196 1197
1102 1198
1102 1199
1090 1200
1201 1202
1100 1203
1185 1204
1171 1205
1157 1206
1100 1165
1122 1207
1208 1209
1210 1211
1212 1213
1115 1214
1215 1216
1171 1217
1218 1219
1090 1220
1221 1122
1088 1222
1223 1224
1221 1225
1171 1226
1078 1111
1078 1227
1086 1102
1208 1228
1118 1229
1088 1150
1113 1230
1113 1231
1117 1232
1233 1234
1141 1235
1113 1236
1090 1237
1238 1239
1240 1241
1221 1242
1236 1243
1141 1244
1245 1246
1106 1135
1247 1248
1088 1249
1080 1250
1251 1252
1215 1253
1078 1254
1189 1129
1088 1255
1227 1256
1165 1257
1115 1258
1223 1259
1157 1218
1080 1260
1133 1261
1262 1263
1208 1264
1082 1265
1238 1266
1106 1267
1162 1268
1114 1269
1162 1270
1253 1271
1080 1272
1100 1273
1274 1275
1113 1092
1276 1277
1208 1278
1102 1279
1230 1280
1281 1282
1283 1284
1285 1286
1080 1287
1098 1288
1086 1289
1290 1291
1155 1292
1267 1293
1135 1294
1133 1295
1296 1297
1088 1281
1088 1298
1113 1240
1272 1299
1157 1283
1157 1300
1098 1301
1111 1302
1208 1178
1290 1303
1304 1305
1090 1306
1090 1201
1080 1307
1086 1169
1173 1308
1086 1082
1208 1309
1080 1187
1080 1310
1311 1104
1192 1312
1106 1311
1232 1313
1098 1314
1082 1315
1289 1316
1084 1317
1162 1318
1319 1320
1079 1321
1141 1322
1323 1324
1185 1325
1326 1327
1328 1329
1090 1330
1176 1331
1215 1332
1100 1333
1141 1334
1100 1335
1336 1337
1338 1245
1120 1339
1141 1340
1341 1342
1124 1343
1078 1344
1080 1345
1082 1346
1098 1274
1215 1347
1215 1348
1140 1349
1221 1350
1100 1285
1221 1223
1215 1351
1141 1118
1352 1353
1276 1354
1180 1355
1102 1356
1247 1357
1358 1359
1171 1360
1124 1361
1169 1109
1264 1196
1133 1362
1086 1088
1290 1131
1236 1363
1208 1364
1215 1365
1261 1366
1080 1367
1106 1174
1221 1368
1171 1369
1100 1370
1185 1371
1090 1372
1141 1192
1334 1212
1080 1373
1208 1374
1375 1376
1086 1377
1133 1378
1208 1262
1157 1379
1171 1380
1074 1381
1382 1210
1290 1383
1080 1384
1106 1385
1290 1386
1115 1387
1082 1388
1341 1389
1221 1189
1141 1183
1390 1391
1221 1176
1082 1392
1108 1247
1090 1393
1221 1394
1395 1396
1231 1397
1114 1382
1222 1398
1201 1399
1141 1400
1278 1401
1141 1402
1106 1090
1215 1403
1130 1404
1372 1405
1385 1406
1206 1323
1120 1407
1087 1408
1135 1409
1115 1410
1098 1411
1255 1412
1078 1251
1086 1221
1171 1413
1082 1414
1086 1145
1106 1341
1120 1415
1185 1416
1247 1417
1418 1419
1100 1420
1074 1421
1283 1422
1086 1157
1086 1141
1290 1423
1171 1424
1425 1426
1240 1338
1088 1326
1163 1427
1428 1429
1171 1430
1221 1431
1115 1432
1090 1433
1120 1434
1171 1435
1113 1238
1414 1436
1146 1437
1082 1438
1088 1439
1078 1440
1117 1441
1276 1442
1100 1443
1133 1352
1172 1418
1115 1390
1114 1444
1082 1445
1078 1428
1141 1446
1208 1133
1102 1319
1080 1447
1114 1448
1189 1449
1133 1450
1106 1185
1289 1276
1117 1451
1154 1452
1113 1215
1157 1233
1086 1078
1171 1453
1080 1454
1106 1455
1215 1395
1102 1336
1221 1358
1080 1456
1092 1457
1086 1208
1113 1171
1133 1458
1400 1296
1367 1459
1215 1460
1086 1106
1090 1461
1171 1462
1082 1463
1221 1153
1419 1464
1341 1465
1419 1466
1106 1094
1276 1143
1370 1467
1080 1468
1082 1469
1235 1084
1422 1470
1106 1162
1221 1328
1088 1471
1106 1098
1185 1304
1100 1472
1448 1473
1090 1474
1179 1475
1157 1476
1090 1477
1334 1478
1076 1479
1113 1120
1480 1481
1082 1480
1114 1482
1106 1290
1111 1483
1367 1484
1240 1485
1113 1127
1090 1375
1171 1486
1078 1487
1098 1488
1309 1489
1408 1490
1080 1491
1141 1492
1106 1074
1090 1493
1090 1425
1494 1495
1496 1497
1498 1499
1500 1501
1502 1503
1504 1505
1506 1507
1499 1508
1509 1510
1511 1512
1498 1513
1514 1515
1516 1517
1518 1519
1520 1521
1518 1522
1523 1524
1525 1526
1527 1528
1529 1530
1531 1532
1533 1534
1535 1536
1537 1538
1514 1539
1540 1541
1542 1543
1544 1545
1546 1547
1548 1549
1511 1550
1535 1551
1511 1552
1537 1553
1512 1554
1515 1555
1529 1556
1557 1544
1494 1558
1559 1560
1561 1562
1563 1564
1565 1566
1529 1567
1523 1568
1510 1569
1500 1570
1508 1571
1498 1511
1572 1573
1519 1574
1575 1576
1577 1578
1579 1580
1511 1581
1498 1527
1518 1582
1583 1584
1585 1586
1587 1588
1589 1590
1520 1591
1592 1593
1535 1546
1594 1595
1596 1597
1561 1598
1535 1599
1583 1600
1535 1601
1602 1603
1565 1604
1565 1605
1509 1606
1513 1607
1511 1608
1609 1610
1518 1611
1612 1613
1535 1614
1615 1616
1617 1618
1619 1620
1496 1619
1496 1579
1621 1617
1496 1622
1511 1623
1624 1625
1626 1627
1498 1628
1587 1629
1630 1631
1550 1632
1557 1633
1504 1634
1523 1635
1520 1636
1546 1637
1496 1638
1587 1639
1496 1640
1587 1641
1509 1642
1500 1643
1519 1644
1518 1612
1513 1645
1646 1647
1648 1649
1516 1650
1564 1651
1652 1653
1498 1520
1535 1654
1498 1500
1630 1575
1582 1655
1523 1656
1514 1657
1511 1658
1499 1659
1552 1660
1514 1661
1520 1662
1663 1664
1583 1561
1577 1665
1666 1667
1630 1548
1500 1585
1500 1504
1668 1563
1531 1669
1626 1670
1494 1671
1672 1673
1674 1675
1565 1668
1527 1676
1621 1677
1678 1679
1680 1681
1498 1529
1500 1682
1496 1680
1498 1518
1520 1683
1514 1684
1500 1559
1500 1685
1500 1686
1496 1687
1500 1688
1638 1689
1496 1690
1583 1691
1583 1692
1581 1693
1500 1542
1587 1694
1690 1695
1518 1696
1697 1698
1612 1699
1700 1701
1565 1702
1496 1703
1621 1531
1498 1589
1570 1704
1494 1705
1648 1706
1527 1587
1707 1708
1520 1709
1589 1710
1638 1711
1712 1713
1498 1714
1715 1716
1511 1717
1718 1719
1522 1720
1721 1722
1723 1663
1724 1725
1692 1724
1522 1726
1611 1666
1498 1727
1583 1537
1523 1728
1537 1729
1611 1730
1657 1731
1682 1732
1549 1733
1723 1734
1496 1735
1623 1736
1520 1737
1500 1715
1598 1738
1630 1648
1500 1718
1565 1739
1740 1741
1511 1742
1743 1674
1744 1745
1621 1746
1583 1565
1531 1747
1511 1626
1519 1748
1511 1523
1509 1744
1514 1749
1500 1750
1527 1577
1743 1678
1548 1721
1518 1646
1531 1572
1520 1751
1583 1700
1570 1752
1500 1753
1496 1754
1542 1755
1612 1672
1617 1756
1757 1758
1561 1557
1514 1502
1587 1759
1498 1583
1587 1760
1651 1761
1619 1762
1496 1763
1597 1697
1535 1764
1714 1765
1520 1766
1511 1615
1514 1767
1550 1506
1671 1768
1582 1769
1498 1496
1587 1770
1611 1771
1511 1740
1772 1773
1500 1525
1529 1774
1775 1776
1527 1777
1777 1778
1686 1779
1589 1780
1498 1781
1782 1783
1496 1784
1500 1785
1494 1786
1652 1787
1587 1788
1531 1789
1777 1790
1565 1791
1619 1792
1628 1793
1516 1794
1608 1795
1527 1494
1511 1516
1528 1796
1797 1798
1640 1799
1684 1800
1696 1801
1494 1802
1615 1803
1523 1804
1504 1805
1494 1806
1561 1807
1561 1808
1789 1809
1790 1810
1520 1811
1589 1812
1498 1621
1518 1535
1625 1813
1498 1630
1518 1652
1552 1814
1498 1815
1520 1816
1676 1817
1818 1819
1646 1609
1504 1602
1630 1594
1778 1820
1821 1822
1683 1823
1565 1824
1511 1825
1518 1624
1496 1826
1494 1827
1792 1828
1615 1707
1518 1723
1587 1712
1584 1829
1561 1797
1511 1830
1646 1818
1518 1514
1520 1831
1500 1540
1500 1533
1511 1757
1777 1592
1780 1832
1529 1833
1550 1772
1496 1834
1494 1835
1516 1836
1498 1837
1697 1838
1726 1839
1498 1527
1777 1840
1825 1841
1842 1843
1561 1844
1630 1845
1496 1846
1523 1847
1837 1842
1615 1848
1520 1849
1619 1596
1822 1850
1518 1509
1703 1851
1496 1852
1736 1853
1593 1854
1611 1855
1816 1856
1520 1857
1527 1782
1611 1858
1498 1498
1542 1859
1561 1860
1703 1821
1659 1861
1500 1862
1727 1863
1518 1864
1495 1865
1518 1866
1498 1743
1789 1775
1867 1868
1869 1870
1871 1872
1873 1874
1875 1876
1877 1878
1879 1880
1881 1882
1883 1884
1885 1886
1882 1887
1888 1889
1890 1891
1892 1893
1871 1894
1895 1896
1897 1898
1899 1900
1901 1902
1903 1904
1897 1905
1906 1907
1908 1909
1910 1911
1912 1913
1914 1915
1916 1917
1897 1918
1919 1920
1871 1921
1922 1923
1924 1925
1924 1926
1919 1927
1928 1929
1873 1930
1931 1932
1892 1933
1928 1934
1935 1936
1937 1938
1939 1940
1941 1942
1873 1943
1871 1944
1945 1946
1947 1948
1871 1949
1888 1950
1951 1952
1924 1928
1953 1954
1919 1945
1955 1956
1869 1941
1957 1958
1959 1960
1961 1962
1867 1963
1964 1965
1924 1966
1967 1968
1928 1969
1970 1873
1867 1971
1972 1973
1974 1975
1873 1961
1892 1976
1977 1978
1873 1908
1979 1980
1914 1981
1982 1983
1867 1984
1985 1986
1924 1987
1881 1988
1948 1989
1990 1991
1924 1881
1871 1992
1953 1993
1959 1994
1955 1995
1871 1996
1892 1997
1977 1998
1930 1999
1881 2000
1987 2001
1919 1879
2002 2003
1928 2004
1869 2005
1969 2006
2007 1935
1892 2008
1949 2009
1897 2010
2011 2012
1871 2013
1924 1912
1883 2014
1882 2015
2007 2016
1881 1867
1873 1899
1947 1972
1920 2017
2018 2019
1912 2020
1871 2021
2022 2023
1955 2024
1877 2025
1919 2026
1914 2027
1919 2028
1871 1901
1928 2029
1897 2030
1916 2031
1871 2032
1867 1982
2033 2034
1889 2035
1987 1990
2022 2036
1882 2037
1892 2022
1919 2038
2039 2040
1977 2041
1931 2042
2043 2044
1919 2045
1924 2039
1987 2046
2047 2048
1916 2049
1897 2050
1908 2051
1903 2052
1869 1947
2037 2053
1914 2054
2022 2055
1947 1888
1916 2056
1947 2057
1881 1924
1955 2058
1881 2059
1914 2043
2060 2061
1947 2062
2063 2064
1897 2065
1988 2066
1869 1883
2067 2068
1892 2069
2070 2071
1867 2047
1928 2072
1924 1916
1867 1931
1928 1974
1916 2073
1873 1903
2008 2074
1869 2075
1869 1895
1962 2076
1977 2077
1947 2078
1952 2079
1993 2080
1867 1977
2081 2082
1882 1937
1867 2083
1931 2084
1947 2085
1870 2086
2087 2088
1896 2089
2078 2090
1919 2091
2075 2092
1916 2070
1882 2093
2030 1967
1892 1953
1868 2094
1883 2095
1869 1914
1953 2096
1892 1877
1947 2097
1919 2081
1881 1897
2098 1985
2083 2099
1892 2100
1924 1959
2101 2102
2100 2103
1882 2104
1971 2105
1919 2106
1881 2107
1987 2108
1919 2109
1977 2110
1919 2111
2063 1951
1914 2112
1933 2101
2100 2113
1877 2114
1881 2115
1873 2116
1867 2087
1931 2117
1916 2118
1882 2119
1976 2120
1882 2121
2122 2123
2115 2124
1977 2125
1966 2126
2082 2127
1995 2128
2129 2130
1869 2007
1984 2131
1892 2132
1941 1885
2022 2133
1933 1957
1881 1892
2121 2134
1871 1964
2022 2135
1914 2136
1892 2098
2039 2137
1987 2033
1883 2138
1977 2139
1897 2140
1932 2141
2039 2142
2083 2143
2015 2122
1873 2144
2087 2145
2146 2147
1987 2148
1947 1939
1947 2149
1937 2150
1931 2151
1924 2002
1947 2152
1977 2153
1892 2154
2058 2155
1897 2156
2150 2157
1937 2158
1873 2159
2140 2160
1945 2161
2152 2162
1871 1906
2121 2163
1882 1922
1947 1979
1897 2164
1885 2165
1881 1970
1867 2166
1941 2167
1991 2168
1867 2169
1883 2170
1892 2011
1928 2171
1914 2172
1871 2173
1947 2063
1887 2174
2118 2175
1957 2176
2169 2177
1925 1910
2022 2178
2075 2060
1871 2179
1871 2180
2144 2181
1928 2182
1919 2183
1867 1871
2075 2018
1959 2129
2022 2184
1924 1919
1919 1875
1888 2185
1892 1890
1914 2186
1869 1955
1914 2146
1919 2187
1924 2067
1974 2188
2040 2189
1871 2190
1881 1869
1897 2191
1931 2192
1960 2193
1871 2194
1916 2195
1984 2196
2174 2197
2198 2199
2200 2201
2202 2203
2204 2205
2206 2207
2208 2209
2204 2210
2211 2212
2213 2214
2215 2216
2217 2218
2208 2219
2220 2221
2222 2223
2224 2225
2202 2226
2211 2227
2208 2228
2198 2229
2230 2231
2209 2232
2233 2234
2235 2236
2237 2238
2198 2239
2208 2240
2241 2242
2243 2244
2222 2245
2204 2246
2247 2248
2249 2250
2251 2252
2253 2254
2255 2256
2257 2258
2259 2260
2261 2262
2198 2263
2264 2265
2265 2237
2204 2266
2267 2268
2269 2270
2271 2272
2272 2273
2274 2275
2276 2277
2200 2278
2264 2200
2233 2279
2280 2281
2282 2283
2215 2284
2233 2285
2224 2286
2237 2287
2222 2257
2222 2288
2271 2289
2208 2290
2291 2292
2293 2294
2289 2295
2296 2297
2298 2299
2268 2300
2198 2301
2302 2303
2298 2304
2298 2274
2305 2306
2307 2308
2298 2253
2271 2309
2202 2310
2311 2312
2271 2208
2222 2249
2264 2271
2313 2314
2315 2316
2208 2276
2309 2317
2273 2318
2204 2319
2320 2321
2224 2322
2271 2323
2324 2325
2271 2320
2271 2298
2326 2327
2264 2328
2329 2330
2331 2332
2313 2333
2222 2220
2259 2334
2335 2336
2212 2337
2208 2338
2222 2202
2224 2339
2340 2341
2342 2343
2249 2344
2298 2345
2346 2347
2348 2349
2217 2350
2351 2352
2264 2267
2264 2233
2353 2354
2217 2355
2204 2356
2217 2357
2215 2358
2271 2204
2310 2359
2346 2331
2360 2361
2362 2363
2260 2364
2346 2365
2204 2366
2202 2367
2243 2368
2211 2369
2271 2206
2370 2371
2200 2372
2298 2370
2346 2373
2374 2375
2253 2376
2198 2377
2215 2378
2224 2379
2198 2293
2380 2381
2311 2382
2220 2383
2211 2360
2200 2384
2200 2385
2208 2386
2317 2387
2211 2388
2309 2324
2264 2271
2208 2351
2222 2329
2286 2307
2218 2389
2271 2390
2222 2342
2362 2391
2390 2392
2393 2394
2233 2395
2396 2397
2204 2213
2289 2269
2259 2398
2208 2399
2295 2280
2222 2400
2234 2241
2267 2401
2325 2402
2403 2335
2404 2405
2203 2406
2222 2407
2296 2408
2409 2410
2411 2412
2362 2413
2208 2230
2268 2414
2217 2415
2416 2417
2289 2418
2271 2419
2302 2420
2217 2421
2352 2422
2384 2423
2424 2425
2271 2282
2298 2362
2426 2427
2264 2424
2224 2428
2208 2429
2271 2430
2342 2431
2204 2432
2217 2433
2434 2435
2288 2436
2401 2437
2264 2438
2309 2439
2404 2440
2271 2198
2202 2441
2202 2442
2443 2444
2204 2445
2271 2217
2298 2396
2210 2446
2200 2215
2208 2447
2220 2409
2208 2261
2206 2448
2346 2449
2215 2450
2222 2451
2271 2296
2211 2452
2271 2259
2342 2426
2222 2374
2198 2453
2217 2251
2297 2454
2304 2455
2271 2311
2222 2393
2419 2313
2208 2456
2425 2457
2316 2458
2224 2459
2384 2460
2243 2461
2271 2346
2222 2224
2204 2462
2222 2463
2222 2464
2198 2465
2233 2380
2303 2466
2360 2467
2202 2468
2270 2469
2233 2470
2396 2471
2265 2472
2362 2473
2319 2474
2403 2475
2223 2476
2452 2477
2243 2478
2271 2243
2233 2479
2288 2480
2271 2481
2346 2416
2271 2482
2222 2483
2482 2484
2213 2485
2271 2315
2470 2486
2211 2235
2198 2487
2215 2488
2222 2489
2202 2305
2202 2348
2298 2353
2311 2490
2204 2491
2302 2492
2217 2493
2464 2494
2374 2495
2213 2496
2491 2340
2271 2211
2462 2291
2264 2302
2401 2497
2200 2434
2264 2222
2271 2403
2400 2255
2202 2443
2298 2498
2222 2404
2430 2326
2298 2247
2265 2411
2499 2500
2501 2502
2503 2504
2505 2506
2507 2508
2509 2510
2511 2512
2505 2513
2514 2505
2509 2515
2516 2517
2518 2519
2520 2521
2500 2522
2523 2524
2525 2526
2527 2528
2499 2529
2530 2531
2532 2533
2526 2534
2535 2536
2507 2537
2538 2539
2530 2540
2509 2541
2542 2543
2544 2545
2546 2547
2548 2549
2550 2551
2552 2553
2525 2554
2507 2555
2556 2557
2509 2558
2501 2559
2560 2561
2562 2563
2564 2565
2532 2566
2567 2568
2569 2570
2509 2571
2572 2573
2530 2574
2575 2576
2526 2577
2578 2579
2580 2581
2582 2583
2560 2584
2585 2586
2555 2587
2525 2503
2507 2588
2501 2589
2590 2582
2591 2592
2525 2593
2594 2542
2595 2535
2556 2596
2597 2598
2544 2599
2548 2600
2508 2601
2602 2603
2604 2518
2605 2606
2607 2608
2564 2609
2610 2611
2594 2590
2612 2613
2505 2614
2509 2615
2560 2616
2509 2617
2525 2538
2602 2618
2509 2619
2620 2621
2514 2622
2605 2623
2624 2625
2564 2626
2627 2628
2544 2514
2629 2630
2631 2632
2562 2633
2605 2634
2560 2635
2636 2567
2575 2637
2507 2499
2638 2639
2640 2641
2525 2575
2526 2642
2501 2643
2514 2620
2509 2644
2546 2645
2548 2580
2544 2646
2514 2585
2595 2647
2595 2648
2548 2649
2647 2650
2548 2651
2545 2652
2653 2654
2554 2655
2569 2656
2657 2658
2514 2612
2607 2659
2523 2660
2575 2661
2569 2662
2595 2663
2525 2664
2564 2594
2501 2665
2599 2666
2667 2668
2509 2669
2514 2670
2627 2671
2564 2672
2509 2550
2564 2673
2628 2674
2579 2675
2544 2676
2657 2677
2678 2679
2680 2681
2561 2682
2520 2683
2657 2684
2523 2685
2560 2686
2595 2687
2520 2688
2525 2689
2546 2690
2526 2691
2509 2692
2548 2693
2546 2629
2501 2694
2514 2527
2520 2695
2501 2696
2514 2607
2564 2520
2537 2697
2546 2698
2629 2699
2569 2624
2584 2700
2686 2701
2499 2702
2636 2703
2624 2704
2705 2706
2560 2602
2552 2516
2523 2707
2544 2507
2511 2708
2591 2709
2509 2710
2580 2711
2564 2712
2564 2638
2606 2713
2575 2714
2715 2716
2523 2717
2501 2718
2564 2591
2560 2604
2564 2715
2594 2719
2546 2720
2507 2595
2657 2597
2646 2721
2617 2653
2544 2546
2722 2723
2724 2725
2562 2726
2556 2727
2590 2728
2507 2729
2544 2564
2634 2730
2560 2562
2565 2731
2732 2733
2509 2734
2605 2735
2571 2736
2523 2737
2538 2572
2530 2738
2507 2523
2507 2610
2507 2569
2678 2739
2502 2740
2610 2741
2604 2742
2612 2743
2718 2744
2564 2511
2595 2745
2651 2746
2507 2657
2509 2747
2556 2748
2546 2680
2672 2749
2708 2750
2751 2752
2525 2636
2530 2753
2624 2754
2622 2755
2544 2544
2525 2605
2624 2756
2757 2631
2678 2758
2697 2759
2544 2627
2530 2760
2509 2761
2636 2762
2719 2763
2657 2678
2640 2764
2507 2556
2548 2765
2544 2525
2595 2667
2501 2766
2607 2767
2544 2548
2679 2768
2560 2530
2746 2769
2525 2578
2508 2770
2530 2771
2646 2772
2575 2552
2609 2773
2548 2732
2575 2705
2511 2774
2705 2757
2770 2775
2575 2776
2569 2777
2530 2778
2509 2779
2507 2532
2556 2780
2736 2781
2556 2751
2507 2509
2509 2722
2638 2724
2595 2782
2573 2783
2509 2784
2652 2785
2507 2501
2564 2786
2556 2640
2544 2560
2649 2787
2509 2788
2789 2790
2791 2792
2793 2794
2795 2796
2797 2798
2799 2800
2801 2802
2803 2804
2805 2806
2807 2808
2809 2810
2803 2811
2799 2812
2813 2814
2793 2815
2816 2813
2817 2818
2819 2820
2821 2822
2821 2823
2824 2825
2826 2816
2827 2828
2821 2829
2830 2831
2790 2832
2826 2819
2824 2833
2834 2835
2834 2836
2837 2838
2799 2839
2840 2841
2830 2842
2843 2844
2789 2845
2805 2846
2834 2847
2821 2848
2843 2850
2799 2821
2851 2852
2805 2853
2854 2855
2815 2856
2857 2858
2813 2859
2834 2860
2816 2861
2857 2862
2807 2863
2838 2864
2799 2865
2866 2867
2826 2866
2868 2869
2856 2870
2795 2871
2799 2872
2806 2873
2805 2874
2875 2876
2826 2805
2877 2878
2800 2879
2834 2880
2881 2882
2789 2883
2857 2884
2821 2809
2885 2886
2857 2887
2857 2888
2789 2889
2872 2890
2891 2892
2816 2893
2819 2894
2843 2895
2793 2896
2897 2898
2827 2899
2827 2900
2901 2902
2803 2903
2904 2905
2906 2907
2860 2908
2843 2909
2818 2910
2874 2801
2838 2911
2912 2913
2806 2914
2847 2915
2916 2917
2918 2919
2920 2921
2834 2922
2806 2827
2923 2924
2857 2920
2925 2926
2793 2927
2824 2928
2837 2929
2930 2817
2893 2931
2932 2933
2808 2934
2935 2936
2826 2937
2893 2938
2827 2939
2805 2940
2941 2942
2941 2943
2834 2944
2945 2946
2821 2947
2948 2930
2793 2949
2950 2951
2893 2952
2953 2954
2941 2955
2956 2957
2917 2958
2959 2960
2881 2912
2821 2961
2839 2962
2795 2963
2964 2965
2793 2966
2967 2968
2969 2970
2928 2971
2805 2972
2885 2923
2838 2973
2866 2974
2866 2975
2976 2977
2816 2964
2816 2843
2826 2799
2793 2978
2944 2979
2836 2980
2793 2948
2837 2830
2824 2981
2876 2967
2866 2982
2940 2877
2843 2983
2964 2984
2881 2904
2921 2985
2881 2986
2987 2988
2935 2989
2932 2906
2990 2991
2789 2795
2826 2789
2992 2993
2837 2834
2994 2791
2803 2995
2874 2996
2974 2997
2956 2998
2999 3000
2816 2868
2808 3001
2799 2857
2956 3002
2789 2959
2837 2881
2941 3003
2826 2824
2868 3004
2932 3005
2820 3006
2813 3007
2795 3008
2804 3009
2972 2918
2881 2976
2826 2953
2839 2990
2866 3010
3010 3011
2910 3012
2821 3013
2846 3014
2893 3015
2834 2994
2834 3016
2843 3017
2925 3018
2813 3019
2940 2992
2826 2837
2813 3020
2799 2891
2857 3021
2947 2999
2793 3022
2932 2945
2937 2840
2866 3023
2821 2925
2793 3024
2824 3025
2945 2950
2789 2793
2881 3026
2929 3027
2795 3028
2838 3029
2982 3030
2866 3031
2881 2916
2866 3032
2940 2935
2993 3033
2863 3034
2793 3035
2837 2932
2800 3036
2805 3037
2821 3038
2822 3039
2803 2901
2857 3040
2834 3041
2789 2897
2824 3042
2796 3043
2983 3044
2843 3045
2941 3046
3041 3047
2922 3048
2941 2854
2821 3049
2805 2875
2836 3050
2843 3051
2992 2797
2808 3052
2868 3053
2837 2803
2922 3054
2821 3055
2789 2956
2817 3056
2803 3057
2790 3058
2824 3059
2843 2885
2789 3060
2881 2941
2817 2851
2830 3061
2881 2969
3060 3062
2974 3063
2881 2987
2849 2826
2837 2807
2881 3064
2956 3065
2834 3066
3067 3068
3069 3070
3071 3072
3073 3074
3075 3076
3077 3078
3070 3079
3080 3081
3082 3083
3084 3085
3086 3087
3088 3089
3090 3091
3084 3092
3093 3094
3095 3096
3097 3098
3099 3100
3101 3102
3103 3104
3105 3106
3107 3108
3109 3110
3075 3111
3075 3088
3112 3113
3114 3115
3112 3116
3117 3118
3119 3120
3121 3122
3123 3124
3125 3126
3075 3090
3127 3128
3129 3130
3086 3131
3088 3132
3133 3134
3135 3136
3075 3093
3101 3137
3138 3139
3111 3140
3111 3080
3086 3141
3119 3142
3107 3105
3143 3144
3145 3146
3111 3101
3112 3147
3148 3149
3121 3150
3151 3152
3148 3153
3069 3154
3107 3155
3075 3156
3157 3158
3090 3159
3160 3161
3075 3073
3121 3095
3117 3162
3090 3163
3130 3164
3165 3166
3114 3167
3088 3168
3169 3170
3171 3172
3173 3174
3175 3176
3177 3178
3077 3179
3088 3180
3079 3181
3116 3182
3101 3183
3111 3148
3111 3184
3185 3186
3187 3188
3088 3189
3127 3190
3112 3082
3192 3193
3194 3195
3119 3196
3197 3198
3076 3199
3112 3197
3200 3201
3157 3202
3140 3203
3121 3165
3117 3204
3205 3206
3111 3207
3075 3187
3208 3209
3184 3210
3111 3211
3117 3212
3140 3213
3214 3215
3205 3216
3200 3143
3217 3218
3133 3219
3121 3220
3075 3112
3217 3221
3112 3222
3119 3223
3076 3224
3121 3225
3119 3127
3075 3200
3114 3226
3112 3227
3117 3228
3117 3171
3097 3229
3191 3075
3167 3230
3127 3231
3075 3097
3232 3233
3234 3151
3111 3123
3235 3236
3237 3238
3117 3135
3090 3239
3088 3099
3111 3121
3153 3240
3075 3119
3075 3241
3214 3242
3112 3243
3120 3244
3245 3246
3211 3247
3200 3208
3121 3248
3111 3249
3178 3250
3251 3232
3101 3160
3073 3252
3073 3125
3239 3253
3192 3254
3101 3237
3156 3177
3117 3255
3107 3256
3142 3257
3258 3259
3194 3260
3176 3261
3138 3262
3213 3263
3075 3251
3229 3264
3156 3265
3094 3266
3111 3157
3117 3077
3111 3192
3267 3268
3085 3269
3076 3270
3246 3271
3119 3272
3088 3273
3121 3274
3121 3103
3067 3275
3121 3276
3097 3277
3080 3278
3217 3279
3217 3280
3088 3109
3080 3281
3249 3282
3241 3217
3201 3283
3090 3214
3212 3284
3127 3285
3075 3117
3162 3286
3200 3107
3088 3267
3133 3084
3094 3287
3208 3288
3192 3289
3134 3173
3290 3291
3111 3086
3107 3292
3121 3293
3119 3258
3207 3294
3201 3295
3296 3297
3192 3298
3119 3067
3111 3194
3163 3235
3111 3296
3069 3299
3197 3300
3289 3301
3200 3114
3075 3133
3130 3302
3076 3303
3090 3290
3112 3304
3101 3169
3213 3305
3097 3306
3132 3307
3148 3175
3107 3308
3101 3309
3086 3310
3073 3245
3156 3234
3197 3311
3071 3145
3114 3312
3107 3313
3101 3138
3127 3314
3111 3205
3189 3315
3207 3316
3121 3317
3193 3318
3249 3319
3070 3320
3076 3321
3111 3069
3090 3322
3200 3071
3070 3323
3133 3185
3123 3324
3075 3129
3090 3325
3326 3327
3328 3329
3330 3331
3332 3333
3334 3335
3336 3337
3338 3339
3340 3341
3342 3343
3344 3345
3346 3347
3334 3348
3349 3350
3349 3351
3345 3352
3353 3354
3355 3356
3330 3357
3349 3358
3359 3360
3361 3362
3363 3364
3365 3366
3367 3368
3342 3369
3366 3370
3349 3371
3372 3373
3342 3374
3375 3376
3377 3378
3379 3380
3330 3381
3353 3382
3357 3383
3330 3384
3385 3386
3382 3387
3388 3389
3349 3390
3349 3391
3343 3349
3334 3392
3393 3394
3395 3396
3389 3397
3398 3399
3338 3400
3401 3402
3403 3404
3349 3405
3406 3407
3382 3326
3408 3409
3330 3410
3374 3411
3374 3412
3413 3414
3376 3415
3416 3417
3418 3419
3420 3421
3363 3422
3401 3423
3424 3425
3367 3426
3374 3427
3385 3428
3361 3429
3369 3430
3374 3431
3416 3375
3375 3432
3330 3433
3343 3342
3434 3435
3382 3436
3437 3438
3338 3439
3401 3440
3330 3441
3367 3442
3379 3443
3374 3393
3418 3444
3338 3445
3330 3446
3353 3346
3375 3447
3379 3406
3448 3449
3374 3338
3330 3408
3344 3450
3379 3451
3342 3344
3401 3452
3352 3453
3418 3454
3342 3455
3384 3456
3349 3457
3344 3458
3334 3459
3357 3460
3422 3461
3367 3462
3374 3463
3464 3465
3466 3467
3330 3468
3393 3469
3349 3470
3471 3472
3349 3473
3374 3474
3343 3475
3330 3476
3363 3477
3349 3478
3338 3479
3363 3480
3379 3481
3406 3377
3361 3464
3338 3482
3342 3330
3343 3359
3392 3483
3342 3448
3349 3434
3379 3365
3403 3484
3349 3485
3349 3486
3451 3466
3417 3487
3420 3488
3489 3490
3379 3413
3449 3491
3349 3492
3332 3493
3342 3416
3494 3495
3330 3372
3476 3496
3366 3497
3448 3498
3333 3499
3418 3500
3374 3328
3361 3501
3459 3502
3342 3353
3503 3504
3367 3505
3424 3506
3463 3507
3451 3508
3345 3509
3464 3510
3359 3511
3335 3398
3363 3512
3444 3471
3361 3513
3479 3514
3342 3363
3418 3515
3401 3516
3425 3517
3480 3518
3334 3519
3520 3521
3369 3522
3336 3523
3343 3403
3374 3424
3444 3524
3401 3525
3379 3526
3401 3527
3401 3528
3498 3529
3363 3355
3330 3530
3446 3531
3334 3532
3410 3533
3328 3534
3346 3535
3330 3536
3448 3537
3459 3538
3353 3401
3332 3388
3343 3367
3331 3539
3477 3540
3343 3418
3391 3541
3342 3334
3342 3332
3332 3520
3349 3542
3543 3544
3349 3545
3379 3546
3522 3547
3400 3548
3428 3549
3372 3550
3330 3437
3334 3551
3343 3489
3382 3395
3526 3552
3343 3494
3467 3553
3343 3361
3342 3379
3393 3554
3441 3555
3556 3557
3374 3420
3333 3558
3543 3503
3354 3559
3373 3560
3374 3556
3363 3385
3489 3336
3349 3561
3536 3562
3344 3563
3330 3564
3374 3543
3361 3565
3418 3566
3380 3567
3401 3568
3543 3569
3533 3340
3361 3570
3379 3571
3572 3573
3574 3575
3576 3577
3578 3579
3580 3581
3582 3583
3584 3585
3586 3587
3588 3589
3588 3590
3578 3591
3592 3582
3593 3594
3595 3596
3597 3598
3587 3599
3600 3601
3602 3603
3582 3604
3605 3606
3607 3608
3592 3609
3610 3611
3604 3612
3613 3614
3609 3615
3605 3616
3617 3618
3582 3619
3620 3621
3609 3622
3623 3624
3625 3626
3627 3628
3573 3588
3573 3625
3629 3613
3586 3630
3589 3631
3597 3632
3633 3634
3635 3636
3637 3638
3629 3639
3635 3602
3640 3641
3638 3642
3643 3620
3572 3586
3580 3644
3645 3646
3592 3643
3647 3648
3649 3650
3651 3652
3653 3654
3586 3655
3637 3656
3609 3647
3586 3657
3658 3659
3660 3661
3645 3600
3591 3662
3600 3663
3655 3664
3665 3666
3667 3668
3610 3669
3573 3637
3582 3670
3645 3671
3667 3672
3660 3673
3624 3674
3675 3676
3660 3677
3678 3679
3680 3681
3682 3683
3635 3605
3657 3684
3622 3685
3572 3686
3582 3687
3666 3688
3656 3610
3582 3689
3572 3690
3691 3692
3580 3693
3586 3651
3665 3694
3588 3695
3620 3675
3645 3696
3645 3665
3697 3698
3699 3623
3573 3635
3637 3617
3700 3701
3609 3702
3645 3703
3578 3704
3609 3705
3604 3706
3626 3578
3707 3708
3665 3709
3604 3710
3644 3711
3576 3712
3668 3713
3609 3714
3707 3715
3652 3716
3586 3653
3633 3717
3707 3629
3573 3699
3718 3719
3695 3720
3595 3721
3722 3723
3616 3724
3592 3707
3671 3725
3726 3727
3655 3728
3592 3729
3691 3730
3682 3731
3651 3732
3733 3734
3661 3735
3609 3736
3622 3737
3590 3738
3592 3678
3582 3739
3580 3740
3667 3741
3620 3742
3671 3743
3648 3744
3597 3745
3607 3718
3609 3658
3645 3593
3695 3746
3605 3747
3748 3749
3750 3751
3572 3752
3580 3753
3754 3755
3739 3756
3588 3584
3609 3633
3617 3757
3609 3697
3758 3759
3729 3722
3760 3761
3682 3758
3707 3762
3707 3763
3610 3640
3669 3764
3605 3765
3707 3580
3600 3766
3671 3576
3609 3691
3660 3726
3747 3767
3717 3768
3717 3680
3642 3769
3742 3649
3691 3750
3692 3770
3731 3771
3620 3772
3665 3754
3730 3773
3609 3774
3637 3597
3752 3645
3669 3775
3609 3595
3616 3776
3629 3777
3588 3682
3774 3778
3572 3592
3637 3779
3615 3780
3637 3660
3717 3781
3637 3782
3707 3783
3709 3784
3582 3785
3582 3786
3691 3760
3602 3787
3630 3788
3586 3607
3772 3789
3671 3790
3720 3791
3586 3572
3656 3792
3779 3748
3741 3793
3682 3733
3682 3667
3586 3574
3645 3794
3790 3795
3682 3700
3644 3796
3580 3627
3797 3798
3798 3799
3800 3801
3802 3803
3804 3805
3802 3806
3807 3808
3809 3810
3811 3812
3813 3814
3805 3815
3816 3817
3818 3819
3820 3821
3816 3822
3823 3824
3825 3826
3827 3828
3829 3830
3831 3832
3833 3834
3835 3836
3837 3838
3816 3839
3840 3841
3820 3842
3818 3843
3813 3844
3845 3846
3847 3848
3849 3850
3851 3852
3809 3851
3816 3853
3854 3855
3856 3857
3828 3858
3859 3860
3861 3862
3815 3863
3852 3864
3865 3866
3859 3867
3840 3868
3869 3813
3870 3871
3849 3872
3870 3873
3859 3874
3816 3875
3831 3876
3877 3878
3879 3880
3803 3881
3818 3882
3883 3884
3861 3885
3886 3887
3888 3889
3890 3856
3804 3831
3869 3809
3804 3891
3870 3892
3893 3894
3895 3896
3897 3898
3874 3899
3869 3861
3861 3900
3820 3901
3849 3890
3825 3902
3903 3904
3825 3905
3861 3906
3884 3907
3816 3835
3901 3908
3909 3910
3911 3912
3849 3829
3869 3913
3914 3915
3818 3916
3917 3918
3869 3823
3919 3870
3828 3920
3921 3909
3847 3922
3821 3923
3804 3811
3869 3924
3884 3925
3926 3927
3854 3928
3849 3886
3929 3930
3931 3932
3816 3933
3859 3934
3869 3849
3921 3935
3801 3936
3828 3937
3938 3939
3895 3940
3804 3883
3849 3941
3942 3943
3932 3944
3945 3946
3901 3947
3816 3948
3949 3950
3951 3952
3849 3953
3802 3888
3828 3954
3847 3955
3810 3956
3957 3958
3884 3959
3823 3847
3960 3961
3849 3945
3840 3962
3861 3963
3929 3964
3872 3965
3824 3966
3804 3942
3929 3967
3886 3968
3805 3837
3938 3931
3820 3897
3969 3970
3809 3818
3971 3879
3874 3972
3885 3854
3810 3973
3942 3974
3820 3975
3970 3976
3897 3977
3806 3957
3861 3929
3915 3978
3911 3979
3871 3926
3947 3865
3814 3980
3826 3981
3820 3971
3895 3949
3816 3982
3849 3983
3823 3895
3849 3911
3984 3985
3849 3986
3804 3827
3815 3987
3888 3988
3866 3989
3921 3990
3990 3991
3992 3993
3837 3994
3869 3820
3804 3804
3919 3845
3869 3802
3995 3996
3849 3859
3870 3951
3859 3997
3877 3807
3901 3998
3816 3999
3816 4000
3954 3877
3992 4001
3869 3800
3820 3840
3960 3995
3900 4002
3851 4003
3825 4004
3823 4005
3838 3969
3816 4006
3919 3960
3802 3914
3816 4007
4008 3893
3872 4009
3928 3984
3847 4010
3804 3869
3851 4011
3888 4012
3922 3917
3820 3921
3861 3903
3869 3938
3862 4013
3803 4014
3820 3825
3950 4015
3960 4008
3986 4016
3913 3816
3869 3919
3805 3992
3960 3833
4017 4018
4019 4020
4021 4022
4023 4024
4025 4026
4027 4028
4029 4030
4031 4032
4033 4034
4035 4036
4037 4038
4039 4040
4041 4042
4043 4044
4045 4046
4047 4048
4049 4050
4051 4052
4053 4054
4056 4057
4023 4058
4059 4017
4043 4060
4023 4035
4061 4062
4063 4064
4065 4066
4067 4068
4069 4070
4071 4072
4027 4073
4074 4075
4076 4077
4078 4079
4078 4080
4081 4082
4083 4084
4076 4051
4027 4085
4076 4065
4076 4086
4080 4087
4088 4089
4077 4090
4025 4091
4092 4093
4094 4095
4096 4097
4020 4076
4046 4098
4044 4099
4074 4100
4061 4101
4019 4043
4043 4102
4103 4033
4074 4104
4019 4105
4106 4107
4076 4108
4099 4039
4109 4110
4043 4111
4055 4019
4043 4112
4113 4114
4115 4116
4074 4096
4044 4117
4023 4118
4061 4119
4024 4120
4121 4122
4074 4123
4091 4124
4074 4125
4086 4126
4073 4041
4019 4127
4128 4129
4130 4131
4053 4132
4063 4133
4061 4134
4077 4045
4025 4135
4136 4137
4115 4138
4128 4139
4109 4140
4078 4056
4141 4142
4143 4144
4127 4145
4056 4146
4076 4094
4096 4147
4116 4059
4113 4148
4024 4141
4118 4149
4096 4150
4074 4115
4094 4151
4081 4152
4076 4063
4074 4153
4043 4154
4090 4155
4025 4156
4157 4158
4096 4159
4025 4071
4076 4106
4043 4053
4078 4160
4074 4128
4078 4161
4024 4121
4162 4163
4043 4164
4051 4165
4074 4081
4024 4166
4081 4167
4019 4023
4024 4168
4078 4169
4128 4170
4171 4172
4173 4037
4019 4025
4128 4174
4156 4175
4065 4176
4074 4049
4086 4177
4081 4178
4019 4179
4116 4180
4043 4181
4019 4103
4057 4182
4019 4074
4076 4021
4053 4183
4024 4184
4019 4109
4056 4185
4076 4061
4123 4186
4027 4092
4173 4187
4048 4188
4075 4189
4023 4190
4029 4136
4105 4191
4192 4193
4061 4194
4195 4196
4026 4197
4121 4198
4079 4199
4200 4130
4030 4201
4179 4171
4074 4173
4023 4202
4203 4204
4077 4088
4104 4205
4075 4206
4207 4208
4209 4210
4105 4069
4074 4078
4148 4209
4115 4162
4043 4203
4027 4211
4043 4200
4125 4212
4128 4213
4074 4047
4179 4195
4043 4214
4053 4215
4043 4083
4078 4143
4116 4216
4183 4217
4053 4218
4149 4219
4076 4220
4092 4031
4075 4192
4057 4067
4112 4221
4133 4113
4074 4157
4110 4207
4074 4029
4096 4222
4033 4223
4025 4027
4224 4225
4226 4227
4228 4229
4230 4231
4232 4233
4234 4235
4236 4237
4238 4239
4240 4241
4228 4228
4238 4242
4243 4244
4245 4246
4247 4248
4224 4249
4228 4240
4224 4250
4251 4252
4224 4253
4240 4254
4229 4255
4224 4256
4257 4258
4240 4259
4228 4260
4261 4262
4229 4263
4235 4264
4265 4266
4267 4268
4227 4269
4224 4270
4240 4271
4236 4272
4271 4273
4274 4275
4245 4243
4238 4276
4251 4277
4278 4279
4260 4280
4224 4281
4282 4283
4284 4285
4229 4261
4257 4286
4286 4287
4279 4288
4289 4290
4224 4289
4291 4292
4247 4293
4240 4234
4260 4294
4240 4295
4228 4247
4234 4296
4224 4297
4247 4298
4299 4300
4301 4302
4240 4251
4303 4304
4305 4306
4238 4307
4308 4309
4228 4310
4311 4312
4295 4313
4255 4314
4279 4315
4228 4236
4224 4316
4317 4318
4228 4265
4240 4319
4320 4230
4274 4321
4260 4282
4322 4323
4247 4324
4240 4325
4228 4224
4325 4326
4314 4327
4227 4328
4321 4329
4260 4330
4229 4331
4224 4332
4333 4334
4224 4335
4324 4232
4228 4336
4229 4337
4261 4338
4300 4317
4339 4340
4341 4342
4286 4343
4301 4344
4345 4346
4224 4347
4238 4348
4276 4349
4254 4350
4317 4351
4352 4353
4247 4354
4256 4355
4356 4357
4228 4257
4249 4345
4245 4267
4324 4358
4299 4301
4228 4278
4224 4359
4228 4360
4255 4361
4311 4362
4279 4363
4313 4364
4365 4366
4245 4367
4238 4368
4229 4369
4260 4352
4279 4370
4240 4371
4372 4373
4228 4333
4280 4284
4338 4374
4228 4299
4228 4226
4364 4375
4251 4376
4270 4365
4245 4377
4224 4378
4371 4274
4261 4379
4291 4356
4247 4380
4362 4381
4295 4382
4247 4383
4224 4384
4257 4305
4240 4245
4228 4291
4229 4385
4240 4372
4269 4386
4257 4387
4238 4388
4224 4339
4228 4238
4235 4322
4386 4389
4238 4390
4240 4303
4229 4308
4251 4341
4352 4391
4260 4392
4229 4393
4279 4394
4352 4395
4376 4396
4261 4397
4228 4398
4250 4399
4240 4311
4247 4400
4251 4401
4286 4402
4255 4403
4265 4404
4392 4405
4228 4320
4259 4406
4396 4407
4408 4409
4410 4411
4412 4413
4414 4415
4416 4417
4418 4419
4420 4421
4422 4423
4424 4425
4426 4427
4428 4429
4430 4431
4432 4433
4416 4424
4413 4434
4435 4436
4426 4437
4438 4439
4439 4440
4441 4442
4443 4444
4413 4445
4446 4447
4439 4448
4427 4449
4412 4450
4451 4452
4432 4453
4454 4455
4456 4457
4458 4459
4412 4460
4408 4443
4432 4461
4462 4410
4408 4463
4450 4464
4465 4466
4413 4467
4468 4469
4470 4471
4472 4473
4408 4468
4474 4465
4475 4476
4455 4477
4478 4479
4418 4480
4475 4481
4420 4482
4454 4483
4443 4484
4412 4432
4438 4454
4485 4414
4412 4428
4412 4446
4469 4486
4441 4487
4426 4488
4452 4489
4490 4491
4492 4493
4432 4494
4495 4496
4435 4497
4417 4498
4432 4492
4412 4416
4441 4499
4430 4500
4501 4490
4502 4472
4476 4503
4430 4504
4429 4505
4474 4506
4460 4507
4418 4508
4414 4435
4509 4510
4426 4511
4511 4512
4432 4513
4484 4514
4474 4478
4422 4515
4432 4502
4408 4412
4432 4516
4418 4517
4412 4422
4408 4495
4481 4518
4412 4441
4412 4426
4444 4519
4472 4520
4418 4458
4456 4521
4522 4523
4495 4430
4416 4524
4413 4525
4436 4509
4506 4526
4413 4527
4528 4529
4432 4530
4475 4470
4531 4532
4412 4533
4432 4534
4430 4535
4474 4522
4408 4485
4416 4536
4525 4537
4438 4538
4454 4539
4412 4438
4441 4540
4541 4542
4535 4543
4416 4544
4422 4545
4440 4546
4515 4547
4416 4456
4408 4418
4495 4548
4458 4549
4416 4550
4408 4474
4441 4551
4412 4420
4430 4552
4408 4462
4553 4554
4492 4555
4492 4556
4548 4557
4495 4558
4462 4559
4496 4560
4510 4501
4432 4528
4439 4561
4562 4563
4561 4564
4422 4565
4484 4566
4538 4567
4422 4562
4408 4475
4462 4568
4443 4569
4413 4570
4416 4571
4443 4553
4442 4572
4437 4531
4541 4573
4485 4541
4448 4574
4508 4575
4474 4576
4495 4577
4421 4578
4441 4579
4570 4580
4432 4581
4553 4582
4461 4451
4422 4583
4584 4585
4586 4587
4588 4589
4590 4591
4592 4593
4594 4595
4596 4597
4598 4599
4586 4600
4601 4602
4586 4601
4603 4604
4605 4606
4607 4608
4609 4610
4611 4612
4586 4613
4614 4615
4587 4616
4617 4607
4618 4619
4595 4620
4614 4621
4586 4622
4623 4624
4586 4588
4617 4617
4586 4625
4626 4627
4609 4628
4614 4629
4620 4630
4631 4632
4603 4633
4634 4635
4609 4636
4637 4638
4639 4640
4641 4642
4603 4643
4644 4645
4586 4641
4646 4647
4648 4649
4633 4650
4605 4584
4614 4651
4612 4652
4622 4653
4654 4655
4623 4656
4646 4657
4658 4639
4609 4659
4597 4660
4598 4661
4643 4662
4646 4663
4623 4664
4665 4666
4586 4646
4643 4667
4646 4668
4613 4669
4608 4670
4614 4648
4671 4672
4673 4674
4586 4675
4611 4631
4614 4605
4622 4676
4614 4677
4678 4679
4609 4680
4681 4682
4605 4683
4684 4685
4647 4686
4609 4687
4643 4688
4604 4678
4689 4690
4617 4586
4605 4691
4643 4692
4587 4693
4609 4694
4600 4695
4609 4696
4611 4609
4651 4697
4609 4698
4586 4614
4586 4699
4586 4603
4609 4700
4643 4701
4683 4702
4600 4703
4704 4705
4605 4706
4625 4707
4708 4709
4644 4710
4663 4711
4603 4684
4586 4712
4687 4713
4603 4714
4611 4644
4609 4715
4666 4716
4598 4717
4642 4718
4639 4719
4715 4637
4587 4689
4696 4720
4687 4721
4586 4665
4586 4722
4723 4724
4617 4725
4671 4726
4675 4623
4703 4727
4623 4728
4613 4729
4608 4730
4617 4594
4586 4611
4648 4731
4699 4732
4614 4681
4625 4733
4724 4590
4665 4626
4609 4673
4623 4734
4607 4634
4609 4735
4609 4736
4722 4737
4711 4738
4609 4739
4673 4740
4586 4671
4684 4741
4586 4618
4605 4742
4623 4743
4738 4744
4586 4654
4605 4745
4611 4592
4587 4658
4623 4746
4609 4596
4689 4708
4658 4747
4725 4704
4587 4598
4716 4723
4641 4748
4749 4750
4751 4749
4752 4753
4754 4755
4756 4757
4757 4758
4751 4759
4760 4761
4762 4763
4764 4765
4751 4766
4767 4768
4762 4769
4751 4770
4756 4771
4772 4773
4753 4774
4775 4776
4777 4778
4779 4780
4781 4782
4777 4783
4784 4785
4786 4787
4788 4789
4790 4791
4790 4792
4790 4793
4794 4781
4751 4795
4759 4772
4796 4797
4788 4798
4759 4794
4799 4800
4801 4802
4777 4803
4790 4804
4796 4805
4751 4786
4806 4807
4777 4808
4809 4764
4766 4810
4759 4811
4784 4812
4777 4813
4814 4815
4816 4817
4766 4818
4752 4819
4757 4820
4821 4822
4751 4777
4784 4823
4824 4825
4759 4809
4789 4826
4759 4827
4821 4828
4762 4814
4777 4829
4827 4830
4777 4831
4764 4832
4772 4833
4834 4835
4752 4836
4816 4837
4772 4838
4786 4839
4840 4801
4783 4841
4811 4754
4842 4843
4749 4844
4757 4845
4846 4847
4772 4848
4807 4840
4786 4821
4766 4799
4849 4850
4824 4851
4852 4853
4806 4854
4752 4855
4856 4857
4836 4858
4751 4859
4788 4860
4823 4861
4806 4775
4751 4756
4783 4862
4766 4863
4788 4784
4777 4864
4757 4865
4866 4867
4759 4868
4788 4856
4806 4751
4854 4752
4749 4869
4818 4870
4788 4871
4829 4872
4788 4767
4762 4866
4784 4852
4807 4873
4764 4834
4762 4779
4759 4790
4768 4874
4805 4875
4793 4876
4786 4877
4878 4879
4751 4762
4756 4880
4823 4881
4810 4882
4749 4883
4851 4884
4825 4846
4777 4885
4786 4816
4777 4886
4824 4887
4887 4888
4777 4889
4836 4890
4751 4788
4749 4891
4786 4892
4788 4796
4786 4893
4751 4894
4762 4895
4772 4896
4759 4842
4756 4897
4894 4898
4814 4849
4806 4824
4871 4899
4777 4878
4871 4900
4756 4760
4901 4902
4903 4904
4905 4906
4907 4908
4909 4910
4911 4912
4906 4913
4914 4915
4916 4917
4918 4919
4920 4921
4921 4922
4923 4924
4925 4926
4927 4928
4924 4929
4914 4930
4931 4932
4909 4920
4933 4934
4935 4936
4909 4937
4938 4939
4940 4941
4942 4943
4944 4945
4903 4946
4939 4947
4948 4949
4950 4951
4952 4953
4954 4955
4943 4956
4927 4957
4938 4958
4959 4960
4961 4962
4941 4963
4922 4964
4925 4965
4966 4967
4968 4969
4914 4970
4919 4971
4972 4973
4974 4975
4974 4976
4977 4978
4979 4980
4920 4981
4949 4982
4914 4983
4903 4944
4984 4985
4986 4950
4931 4987
4988 4989
4990 4991
4927 4992
4993 4911
4919 4940
4990 4966
4994 4935
4946 4995
4935 4903
4990 4996
4936 4901
4914 4997
4903 4998
4996 4923
4944 4999
4974 4914
4936 4942
4914 4972
4939 5000
5001 4986
4934 4952
5002 4988
4935 4968
4938 5003
4927 5004
5005 5006
4914 5007
4993 4905
4959 4994
4914 5008
4990 5009
4920 5010
5011 5012
4977 5013
5014 5015
4927 5016
4948 5017
4903 4948
4967 5018
4914 5019
4911 5020
4936 5021
4944 5022
4925 5023
4909 4977
4994 4974
4927 5024
4926 5025
5026 5005
4948 4979
4914 5027
5028 5029
5020 5030
4990 4993
5031 4907
5010 5032
4935 5033
5019 5034
4994 4990
5033 5001
4990 4954
4954 5035
4960 4909
4909 5026
4909 5002
4977 5014
5033 4918
4909 5036
4992 5037
4909 5031
4908 4933
4914 5038
4909 4927
5002 5028
4939 4961
4998 5039
4909 4931
5033 5040
5009 4916
5031 5041
4990 4925
4994 4938
4903 5011
4986 5042
4978 4984
5009 5043
5044 5045
5046 5047
5048 5049
5050 5051
5052 5053
5054 5055
5052 5056
5045 5057
5058 5059
5060 5061
5052 5062
5052 5063
5064 5065
5058 5066
5067 5068
5069 5070
5050 5071
5072 5073
5074 5075
5050 5076
5067 5077
5073 5078
5049 5079
5080 5081
5082 5046
5063 5083
5084 5085
5086 5087
5044 5088
5089 5090
5091 5092
5050 5093
5094 5095
5072 5096
5073 5097
5072 5052
5058 5098
5099 5100
5101 5102
5097 5103
5104 5105
5106 5107
5095 5084
5108 5109
5063 5110
5090 5111
5044 5091
5112 5108
5069 5113
5114 5115
5116 5117
5089 5118
5106 5119
5059 5120
5050 5121
5081 5122
5123 5124
5072 5125
5089 5106
5089 5126
5058 5127
5124 5086
5103 5128
5129 5130
5123 5072
5103 5131
5084 5132
5048 5067
5059 5133
5134 5135
5136 5137
5072 5058
5050 5116
5050 5138
5139 5140
5141 5142
5075 5143
5072 5144
5078 5145
5072 5054
5124 5082
5124 5146
5115 5104
5134 5147
5072 5148
5064 5149
5104 5136
5080 5150
5124 5101
5123 5072
5072 5139
5073 5064
5086 5099
5045 5151
5091 5094
5152 5153
5052 5154
5056 5155
5091 5156
5050 5157
5064 5158
5159 5160
5058 5161
5125 5162
5072 5048
5123 5123
5163 5080
5045 5164
5129 5165
5048 5141
5050 5166
5052 5074
5057 5167
5088 5152
5064 5168
5056 5114
5072 5044
5148 5169
5048 5170
5062 5171
5091 5159
5048 5172
5052 5173
5072 5069
5072 5050
5141 5060
5082 5174
5072 5089
5171 5175
5091 5129
5050 5176
5073 5177
5044 5112
5052 5134
5048 5163
5178 5179
5180 5181
5182 5183
5184 5185
5186 5187
5188 5189
5190 5191
5192 5193
5182 5194
5195 5196
5197 5198
5199 5200
5198 5201
5202 5203
5204 5205
5206 5207
5208 5209
5194 5210
5211 5212
5213 5214
5215 5216
5217 5218
5219 5220
5198 5221
5222 5223
5224 5225
5213 5188
5195 5226
5227 5228
5229 5217
5195 5230
5212 5231
5232 5233
5230 5234
5232 5190
5235 5236
5232 5237
5191 5238
5239 5240
5241 5242
5243 5244
5245 5246
5243 5213
5182 5229
5198 5206
5194 5186
5197 5219
5210 5247
5182 5248
5199 5249
5202 5250
5251 5252
5232 5253
5206 5254
5182 5232
5255 5256
5205 5257
5233 5184
5248 5215
5202 5192
5202 5258
5243 5251
5198 5208
5247 5259
5202 5260
5240 5261
5240 5262
5203 5263
5198 5227
5188 5264
5232 5265
5194 5266
5235 5267
5197 5268
5226 5269
5243 5199
5198 5270
5237 5271
5232 5272
5272 5273
5232 5274
5202 5275
5182 5232
5232 5202
5195 5276
5272 5277
5229 5204
5202 5180
5195 5278
5249 5279
5196 5280
5196 5281
5232 5282
5229 5222
5265 5283
5180 5284
5182 5197
5232 5195
5237 5285
5233 5286
5198 5287
5237 5239
5259 5178
5243 5288
5195 5224
5248 5243
5268 5289
5247 5255
5232 5235
5211 5290
5276 5291
5222 5292
5248 5293
5202 5245
5202 5294
5286 5295
5232 5211
5277 5296
5219 5241
5293 5297
5230 5298
5299 5300
5299 5302
5303 5304
5305 5306
5307 5299
5308 5309
5310 5311
5312 5313
5314 5315
5316 5317
5304 5318
5307 5319
5320 5321
5319 5322
5323 5324
5325 5326
5299 5327
5314 5328
5329 5330
5299 5331
5332 5333
5334 5332
5335 5336
5337 5338
5314 5339
5340 5337
5329 5341
5342 5343
5319 5344
5345 5346
5313 5329
5307 5347
5332 5323
5332 5348
5349 5350
5332 5351
5352 5353
5332 5354
5355 5356
5307 5334
5301 5307
5347 5352
5309 5357
5326 5358
5309 5359
5360 5361
5362 5360
5345 5310
5305 5325
5334 5363
5364 5342
5319 5365
5347 5366
5299 5314
5299 5335
5334 5367
5368 5308
5360 5369
5361 5320
5326 5370
5329 5371
5307 5364
5353 5345
5344 5372
5307 5305
5329 5373
5374 5375
5376 5377
5327 5349
5366 5362
5302 5378
5379 5368
5347 5355
5334 5312
5363 5340
5360 5374
5305 5379
5334 5380
5306 5381
5307 5316
5325 5382
5380 5303
5351 5383
5349 5376
5384 5385
5386 5387
5386 5388
5389 5390
5391 5392
5393 5394
5386 5395
5394 5396
5397 5398
5399 5400
5401 5402
5403 5404
5405 5406
5407 5403
5408 5409
5389 5410
5411 5399
5389 5412
5413 5414
5415 5386
5389 5384
5416 5417
5415 5418
5419 5420
5405 5421
5387 5422
5423 5424
5412 5425
5386 5426
5412 5427
5405 5393
5428 5429
5415 5430
5424 5431
5432 5433
5401 5434
5435 5436
5393 5437
5405 5438
5419 5439
5402 5440
5386 5441
5386 5442
5389 5443
5415 5389
5415 5444
5432 5445
5415 5405
5421 5446
5400 5447
5440 5448
5401 5428
5416 5435
5389 5449
5443 5413
5390 5408
5395 5391
5389 5416
5386 5450
5446 5451
5437 5452
5407 5453
5405 5454
5430 5432
5445 5407
5405 5401
5443 5455
5432 5456
5416 5457
5401 5458
5449 5411
5405 5459
5386 5419
5420 5397
5397 5423
5460 5461
5462 5463
5464 5465
5466 5467
5468 5469
5471 5472
5462 5473
5474 5475
5476 5477
5478 5479
5480 5481
5482 5483
5484 5485
5460 5486
5462 5487
5488 5489
5470 5462
5490 5491
5470 5490
5489 5492
5474 5493
5487 5494
5495 5496
5481 5497
5498 5499
5500 5501
5487 5476
5480 5502
5460 5503
5504 5505
5460 5506
5485 5507
5470 5478
5460 5508
5470 5474
5509 5510
5511 5512
5512 5513
5470 5514
5510 5511
5495 5515
5484 5516
5470 5470
5517 5509
5482 5518
5478 5498
5484 5519
5495 5520
5470 5484
5473 5521
5490 5464
5468 5522
5523 5524
5487 5480
5470 5495
5500 5466
5500 5471
5464 5525
5470 5488
5470 5482
5526 5468
5464 5527
5470 5500
5462 5528
5487 5504
5460 5529
5500 5460
5474 5530
5526 5531
5482 5526
5470 5517
5460 5532
5470 5523
5533 5534
5535 5536
5537 5538
5539 5540
5541 5542
5543 5544
5545 5546
5547 5548
5548 5549
5550 5551
5539 5537
5552 5553
5540 5554
5545 5555
5547 5556
5547 5557
5556 5558
5543 5559
5560 5561
5537 5562
5551 5563
5564 5565
5566 5567
5534 5568
5533 5543
5537 5569
5567 5570
5569 5571
5553 5572
5539 5573
5550 5539
5540 5574
5575 5541
5544 5576
5537 5577
5536 5552
5578 5579
5533 5547
5580 5581
5567 5575
5547 5535
5576 5582
5545 5583
5584 5578
5538 5585
5546 5586
5567 5587
5551 5588
5589 5580
5590 5591
5548 5592
5564 5550
5563 5593
5575 5594
5533 5564
5548 5589
5539 5545
5538 5595
5567 5590
5596 5584
5545 5597
5537 5598
5567 5599
5551 5600
5563 5601
5543 5566
5537 5602
5545 5603
5594 5604
5549 5605
5558 5606
5537 5607
5533 5608
5564 5560
5557 5596
5609 5610
5611 5612
5613 5614
5615 5616
5617 5618
5619 5620
5621 5622
5623 5624
5625 5626
5627 5628
5624 5629
5630 5631
5632 5611
5633 5634
5635 5636
5637 5638
5639 5640
5611 5641
5642 5643
5644 5645
5630 5646
5611 5647
5619 5648
5634 5649
5632 5650
5651 5652
5633 5653
5654 5655
5633 5639
5639 5656
5657 5658
5641 5659
5653 5660
5630 5613
5618 5661
5662 5663
5632 5617
5617 5651
5633 5615
5632 5664
5665 5666
5632 5667
5630 5668
5660 5669
5632 5633
5613 5670
5611 5635
5639 5621
5650 5671
5611 5665
5634 5672
5619 5673
5674 5627
5675 5676
5650 5642
5633 5637
5633 5657
5623 5675
5630 5677
5657 5678
5650 5630
5667 5644
5649 5679
5619 5609
5613 5680
5623 5654
5653 5662
5667 5674
5666 5625
5632 5681
5619 5682
5639 5683
5681 5619
5631 5684
5611 5623
5685 5686
5687 5688
5689 5690
5691 5685
5692 5693
5694 5695
5696 5697
5698 5699
5700 5701
5685 5702
5697 5703
5704 5705
5706 5707
5706 5687
5708 5709
5703 5710
5698 5711
5698 5698
5689 5712
5687 5713
5714 5708
5698 5715
5715 5706
5713 5716
5705 5717
5689 5718
5711 5719
5706 5696
5702 5714
5704 5692
5720 5689
5689 5721
5720 5691
5687 5694
5711 5722
5687 5723
5713 5704
5722 5720
5687 5700
5689 5724
5699 5725
5717 5726
5727 5728
5727 5729
5730 5731
5727 5732
5733 5734
5735 5736
5727 5737
5738 5739
5740 5741
5742 5743
5729 5742
5729 5745
5727 5746
5733 5747
5736 5748
5744 5749
5727 5750
5733 5751
5752 5753
5727 5754
5749 5735
5749 5755
5749 5756
5754 5757
5749 5733
5755 5758
5737 5752
5749 5738
5753 5759
5740 5760
5749 5761
5749 5730
5749 5727
5749 5740
5739 5762
5745 5763
5755 5764
5765 5766
5767 5768
5769 5770
5771 5772
5773 5774
5775 5771
5776 5777
5778 5779
5780 5781
5781 5782
5781 5783
5784 5785
5786 5784
5787 5788
5775 5780
5789 5790
5781 5791
5771 5792
5790 5793
5790 5794
5771 5778
5795 5796
5771 5797
5790 5795
5798 5799
5784 5800
5786 5776
5781 5801
5792 5787
5801 5802
5775 5789
5775 5786
5794 5803
5789 5769
5776 5767
5772 5765
5790 5804
5801 5805
5770 5773
5772 5798
5774 5806
5772 5807
5808 5809
5810 5811
5812 5813
5810 5814
5815 5816
5817 5818
5819 5820
5815 5821
5822 5823
5822 5824
5825 5826
5817 5827
5811 5828
5816 5829
5819 5830
5812 5831
5812 5832
5833 5834
5816 5817
5810 5808
5819 5835
5819 5836
5814 5837
5822 5838
5835 5839
5840 5819
5819 5841
5842 5843
5844 5845
5816 5846
5808 5847
5826 5848
5830 5833
5826 5849
5819 5825
5844 5850
5851 5812
5816 5852
5853 5854
5838 5855
5837 5856
5835 5857
5822 5851
5844 5858
5819 5859
5817 5842
5829 5860
5811 5844
5841 5861
5821 5862
5846 5863
5819 5810
5835 5864
5810 5853
5819 5815
5829 5865
5861 5822
5866 5867
5868 5869
5870 5871
5872 5870
5873 5874
5875 5876
5873 5877
5878 5879
5872 5873
5880 5875
5879 5881
5873 5882
5872 5883
5874 5884
5885 5886
5868 5887
5878 5888
5885 5889
5890 5891
5892 5893
5886 5894
5874 5895
5880 5868
5868 5896
5897 5898
5872 5885
5889 5899
5885 5900
5901 5902
5868 5890
5897 5903
5904 5905
5867 5906
5904 5907
5890 5908
5873 5909
5868 5892
5876 5910
5885 5911
5912 5913
5890 5866
5869 5912
5868 5897
5868 5914
5908 5901
5875 5872
5915 5916
5869 5904
5897 5915
5883 5878
5910 5917
5918 5919
5920 5921
5922 5923
5924 5925
5926 5927
5926 5928
5929 5930
5920 5931
5932 5933
5924 5934
5935 5924
5936 5937
5929 5918
5929 5920
5920 5938
5926 5939
5940 5941
5926 5936
5935 5926
5942 5943
5929 5940
5935 5929
5926 5944
5932 5935
5945 5946
5940 5947
5926 5942
5940 5948
5934 5922
5926 5949
5935 5950
5939 5951
5924 5952
5928 5953
5934 5945
5926 5954
5955 5956
5957 5958
5959 5960
5961 5957
5955 5962
5959 5963
5962 5964
5965 5966
5959 5965
5957 5967
5957 5968
5955 5969
5968 5970
5968 5971
5957 5959
5957 5972
5968 5973
5974 5975
5960 5976
5970 5977
5959 5955
5959 5978
5957 5979
5957 5974
5980 5981
5982 5983
5984 5985
5982 5986
5986 5987
5984 5988
5982 5989
5982 5990
5991 5992
5993 5994
5995 5996
5997 5998
5999 6000
5991 6001
6002 6003
5999 6004
6002 5993
6005 6006
6007 5982
5991 6008
5998 6009
5990 6010
5993 6011
5991 6012
5982 6002
5991 5980
5998 6013
5991 6005
5991 6014
5982 5984
6002 6015
5990 6016
5982 5995
5998 6017
5982 5997
6002 6018
6006 6007
5998 6019
5998 6020
6018 5999
5998 6021
6016 6022
6023 6024
6023 6025
6023 6026
6023 6027
6025 6028
6027 6029
6030 6031
6030 6032
6023 6033
6026 6034
6025 6035
6026 6036
6023 6037
6023 6038
6025 6039
6023 6040
6023 6041
6023 6030
6042 6043
6042 6044
6045 6046
6047 6048
6047 6047
6047 6049
6050 6051
6047 6052
6053 6054
6055 6056
6050 6057
6050 6058
6045 6059
6047 6060
6061 6062
6060 6061
6063 6064
6053 6065
6061 6066
6061 6055
6053 6067
6063 6053
6046 6068
6069 6070
6053 6071
6047 6069
6047 6045
6053 6050
6069 6072
6069 6073
6045 6074
6045 6075
6045 6076
6053 6077
6047 6063
6076 6078
6045 6079
6049 6080
6082 6083
6084 6085
6086 6082
6087 6088
6081 6086
6084 6089
6090 6091
6081 6092
6084 6093
6086 6094
6086 6084
6086 6095
6085 6096
6097 6098
6086 6099
6100 6101
6084 6097
6101 6102
6081 6100
6086 6103
6084 6090
6086 6087
6103 6104
6086 6105
6101 6106
6084 6107
6081 6108
6086 6109
6092 6110
6091 6111
6112 6113
6115 6116
6114 6117
6118 6119
6120 6121
6115 6122
6123 6124
6125 6126
6116 6127
6123 6128
6125 6118
6128 6129
6123 6130
6118 6131
6114 6125
6132 6133
6134 6135
6114 6123
6114 6134
6113 6132
6136 6137
6120 6138
6123 6139
6114 6120
6114 6140
6115 6141
6123 6142
6138 6143
6126 6144
6145 6146
6120 6147
6123 6148
6113 6149
6112 6150
6120 6151
6137 6152
6114 6115
6126 6153
6154 6155
6125 6145
6123 6154
6123 6156
6114 6136
6136 6112
6125 6157
6123 6158
6123 6159
6125 6160
6112 6161
6161 6162
6135 6163
6140 6164
6165 6166
6167 6167
6167 6168
6167 6169
6167 6170
6167 6171
6169 6172
6167 6173
6167 6174
6167 6165
6167 6175
6176 6177
6178 6179
6180 6181
6182 6183
6184 6185
6178 6186
6187 6188
6189 6190
6191 6192
6191 6180
6193 6194
6178 6195
6193 6196
6189 6197
6198 6199
6182 6200
6201 6202
6203 6204
6201 6203
6205 6206
6180 6207
6208 6209
6199 6208
6193 6210
6180 6198
6201 6187
6180 6211
6201 6212
6213 6214
6178 6215
6176 6216
6180 6217
6191 6184
6207 6218
6193 6219
6213 6220
6207 6221
6201 6222
6191 6223
6189 6224
6184 6225
6201 6193
6201 6226
6218 6227
6222 6228
6182 6229
6201 6230
6231 6232
6218 6233
6201 6234
6203 6213
6201 6235
6180 6231
6189 6236
6201 6237
6191 6189
6191 6178
6203 6238
6194 6239
6176 6201
6182 6240
6241 6242
6191 6243
6191 6205
6203 6182
6205 6244
6176 6176
6191 6241
6193 6245
6191 6246
6194 6247
6218 6248
6180 6249
6235 6250
6240 6251
6189 6252
6176 6191
6206 6253
6191 6254
6244 6255
6189 6256
6176 6201
6257 6258
6257 6259
6257 6260
6257 6261
6259 6262
6257 6257
6263 6264
6265 6266
6267 6268
6269 6270
6271 6272
6268 6273
6274 6275
6276 6277
6278 6279
6280 6281
6271 6278
6280 6282
6274 6265
6263 6283
6263 6284
6271 6285
6286 6287
6263 6274
6288 6289
6271 6276
6263 6290
6263 6291
6280 6292
6293 6294
6271 6267
6263 6271
6267 6295
6274 6293
6263 6288
6274 6296
6288 6297
6271 6280
6263 6286
6263 6298
6280 6299
6263 6269
6300 6301
6300 6302
6300 6303
6300 6304
6300 6305
6305 6306
6304 6307
6300 6300
6300 6308
6303 6309
6306 6310
6301 6311
6312 6313
6314 6315
6316 6317
6316 6314
6318 6319
6320 6321
6316 6322
6316 6318
6316 6312
6316 6323
6316 6320
6316 6316
6312 6324
6316 6325
6318 6326
6327 6328
6329 6330
6331 6332
6333 6334
6335 6336
6329 6327
6327 6335
6331 6337
6338 6339
6338 6340
6329 6341
6328 6342
6333 6331
6333 6329
6340 6343
6333 6338
6329 6344
6329 6345
6346 6347
6348 6349
6346 6350
6349 6351
6346 6352
6348 6353
6354 6355
6351 6356
6346 6357
6346 6358
6349 6359
6354 6360
6348 6361
6346 6362
6346 6348
6346 6363
6357 6364
6349 6354
6346 6365
6366 6367
6366 6368
6369 6370
6371 6372
6366 6373
6374 6375
6376 6377
6366 6378
6366 6379
6380 6381
6382 6383
6367 6384
6378 6385
6386 6387
6380 6388
6389 6390
6391 6392
6393 6394
6395 6396
6397 6398
6373 6399
6376 6400
6366 6401
6366 6402
6393 6403
6366 6404
6378 6374
6389 6405
6371 6406
6380 6407
6376 6393
6408 6409
6379 6395
6410 6411
6412 6413
6414 6415
6416 6389
6368 6417
6418 6419
6412 6371
6366 6418
6397 6420
6378 6397
6376 6391
6373 6382
6421 6386
6422 6423
6424 6425
6390 6426
6401 6427
6388 6428
6385 6369
6429 6410
6429 6430
6431 6432
6404 6433
6366 6429
6416 6434
6435 6436
6373 6431
6389 6437
6376 6438
6422 6439
6399 6440
6418 6441
6373 6442
6379 6443
6435 6444
6371 6445
6434 6446
6373 6447
6378 6421
6412 6448
6382 6449
6435 6450
6378 6380
6366 6414
6366 6412
6435 6451
6434 6452
6401 6453
6379 6454
6416 6424
6438 6455
6376 6456
6424 6457
6385 6376
6421 6408
6366 6416
6421 6422
6376 6435
6376 6458
6397 6459
6429 6460
6416 6461
6462 6463
6462 6464
6462 6465
6462 6466
6467 6468
6464 6469
6462 6467
6464 6470
6469 6471
6472 6473
6474 6475
6476 6477
6472 6479
6476 6480
6476 6481
6475 6482
6472 6483
6475 6484
6474 6476
6478 6474
6483 6485
6478 6486
6472 6487
6472 6488
6483 6489
6476 6490
6473 6491
6492 6493
6494 6495
6476 6496
6474 6472
6474 6497
6474 6494
6487 6498
6488 6492
6472 6499
6488 6500
6501 6501
6502 6503
6504 6505
6504 6506
6502 6507
6502 6508
6502 6509
6502 6510
6502 6511
6502 6504
6501 6512
6502 6513
6501 6502
6501 6514
6501 6515
6502 6516
6504 6517
6501 6518
6501 6519
6503 6520
6501 6502
6515 6521
6502 6522
6525 6526
6527 6528
6529 6530
6527 6529
6527 6531
6525 6532
6527 6533
6532 6534
6529 6535
6525 6536
6532 6537
6527 6538
6527 6539
6527 6540
6525 6527
6525 6541
6528 6542
6527 6543
6544 6545
6544 6546
6527 6547
6527 6548
6531 6549
6532 6550
6532 6551
6525 6552
6527 6544
6528 6553
6529 6554
6527 6555
6527 6556
6532 6557
6544 6558
6559 6560
6561 6562
6563 6564
6565 6566
6567 6568
6561 6569
6570 6571
6572 6573
6574 6575
6572 6576
6577 6578
6579 6580
6572 6581
6582 6583
6584 6585
6586 6587
6561 6588
6589 6590
6591 6592
6593 6594
6593 6565
6561 6572
6562 6595
6593 6596
6597 6598
6599 6600
6577 6601
6597 6602
6603 6604
6562 6586
6561 6579
6561 6582
6605 6606
6589 6607
6608 6609
6610 6611
6561 6608
6561 6612
6561 6597
6613 6614
6615 6616
6561 6617
6572 6618
6584 6619
6593 6599
6579 6620
6570 6621
6595 6622
6561 6567
6612 6623
6624 6610
6586 6625
6593 6626
6572 6603
6561 6589
6610 6593
6590 6563
6593 6613
6562 6627
6590 6570
6574 6628
6567 6559
6571 6629
6620 6615
6572 6574
6620 6630
6597 6631
6572 6632
6602 6584
6620 6577
6603 6633
6566 6634
6563 6635
6590 6636
6579 6605
6582 6624
6593 6591
6637 6638
6639 6637
6638 6640
6643 6644
6643 6645
6646 6647
6648 6649
6650 6651
6648 6652
6651 6653
6648 6646
6650 6654
6648 6643
6646 6655
6648 6656
6652 6657
6648 6658
6644 6659
6648 6660
6648 6661
6650 6662
6643 6663
6648 6650
6645 6664
6644 6665
6645 6666
6643 6667
6650 6668
6658 6669
6660 6670
6650 6671
6648 6672
6645 6673
6662 6674
6645 6675
6648 6648
6676 6677
6676 6678
6679 6680
6681 6682
6676 6683
6677 6684
6680 6685
6676 6681
6677 6686
6679 6676
6677 6687
6678 6688
6676 6689
6690 6691
6692 6693
6692 6690
6694 6695
6692 6694
6702 6702
6702 6703
6702 6704
6702 6705
6702 6706
6707 6708
6709 6710
6711 6712
6713 6714
6715 6716
6717 6718
6715 6719
6715 6720
6721 6722
6707 6711
6707 6723
6712 6724
6711 6725
6707 6726
6727 6728
6715 6729
6707 6730
6711 6731
6732 6733
6707 6721
6711 6709
6711 6727
6734 6715
6707 6735
6707 6736
6707 6717
6711 6732
6712 6737
6717 6738
6736 6739
6727 6740
6734 6741
6735 6742
6736 6743
6715 6744
6707 6707
6728 6713
6717 6734
6715 6745
6736 6746
6717 6747
6748 6749
6748 6750
6748 6751
6752 6753
6749 6754
6754 6755
6749 6752
6748 6756
6748 6757
6759 6760
6761 6762
6759 6763
6758 6761
6758 6764
6758 6759
6763 6765
6764 6766
6767 6768
6769 6770
6767 6771
6767 6772
6767 6769
6774 6775
6767 6776
6773 6767
6767 6774
6777 6778
6779 6780
6781 6779
6782 6783
6781 6782
6781 6784
6781 6785
6784 6786
6781 6787
6781 6788
6789 6790
6789 6791
6792 6793
6794 6795
6796 6797
6798 6799
6794 6800
6801 6802
6801 6803
6792 6804
6804 6805
6806 6807
6808 6798
6806 6809
6810 6811
6801 6812
6792 6813
6814 6794
6794 6815
6796 6816
6795 6817
6792 6818
6794 6819
6802 6820
6794 6821
6819 6822
6801 6823
6808 6824
6792 6825
6794 6826
6806 6827
6828 6829
6806 6830
6794 6792
6806 6831
6806 6832
6792 6806
6801 6810
6792 6833
6834 6835
6818 6836
6794 6801
6819 6796
6801 6834
6794 6837
6801 6828
6794 6808
6794 6838
6839 6840
6841 6842
6839 6843
6844 6845
6841 6846
6839 6847
6839 6848
6839 6849
6839 6850
6839 6851
6839 6852
6839 6839
6839 6844
6839 6853
6839 6854
6839 6855
6841 6856
6839 6841
6839 6857
6841 6858
6841 6859
6839 6860
6863 6864
6863 6865
6866 6867
6865 6868
6866 6869
6863 6866
6863 6870
6871 6872
6873 6874
6871 6875
6871 6873
6871 6876
6873 6877
6873 6878
6871 6879
6871 6880
6873 6881
6873 6882
6883 6884
6883 6885
6886 6887
6883 6888
6883 6889
6883 6886
6883 6890
6890 6891
6892 6893
6892 6894
6892 6895
6892 6892
6896 6897
6892 6898
6892 6899
6898 6900
6892 6901
6892 6902
6902 6903
6892 6896
6902 6904
6899 6905
6892 6906
6907 6907
6907 6908
6907 6909
6907 6910
6908 6911
6907 6912
6907 6913
6907 6914
6907 6915
6907 6916
6917 6918
6919 6920
6921 6922
6923 6924
6917 6925
6919 6926
6927 6928
6927 6929
6919 6930
6926 6931
6917 6932
6917 6933
6930 6921
6917 6934
6926 6935
6936 6937
6918 6938
6930 6939
6917 6940
6941 6923
6917 6942
6919 6941
6917 6943
6930 6944
6917 6945
6940 6946
6935 6947
6926 6917
6928 6948
6920 6949
6934 6950
6926 6936
6935 6927
6919 6951
6917 6952
6953 6954
6955 6956
6955 6957
6953 6958
6953 6955
6959 6960
6959 6962
6961 6961
6961 6963
6961 6959
6964 6965
6965 6966
6964 6967
6968 6969
6964 6970
6964 6968
6964 6971
6964 6972
6972 6973
6972 6974
6975 6976
6975 6977
6975 6978
6979 6980
6981 6979
6982 6983
6982 6984
6985 6986
6982 6987
6988 6989
6985 6990
6985 6982
6985 6991
6992 6988
6981 6993
6985 6994
6982 6995
6996 6997
6996 6998
6996 6992
6990 6999
7000 7001
7002 7003
6985 7002
6996 7004
6981 7000
6982 7005
6982 7006
6997 7007
6982 7008
6996 6985
6985 7009
6998 7010
6981 6996
6998 7011
6985 7012
7013 7014
7015 7016
7015 7017
7015 7018
7015 7019
7018 7020
7015 7021
7018 7022
7024 7025
7023 7026
7023 7027
7026 7028
7026 7029
7027 7024
7030 7031
7031 7032
7030 7033
7032 7034
7034 7035
7036 7037
7038 7039
7040 7038
7030 7036
7036 7040
7030 7041
7030 7042
7043 7044
7043 7045
7043 7046
7047 7048
7043 7049
7043 7050
7051 7052
7043 7053
7051 7043
7043 7054
7055 7056
7043 7055
7051 7057
7055 7058
7048 7059
7047 7060
7047 7061
7045 7062
7043 7063
7043 7064
7051 7047
7047 7065
7055 7066
7043 7067
7056 7068
7047 7069
7070 7071
7071 7072
7073 7070
7074 7075
7075 7076
7075 7077
7078 7079
7078 7080
7081 7082
7081 7078
7078 7083
7081 7084
7081 7086
7078 7087
7081 7088
7085 7081
7080 7089
7084 7090
7091 7092
7093 7094
7091 7095
7091 7096
7097 7098
7091 7099
7091 7100
7091 7097
7091 7101
7097 7093
7091 7102
7091 7091
7099 7103
7104 7105
7106 7107
7104 7106
7108 7109
7108 7110
7108 7111
7108 7112
7108 7113
7108 7114
7108 7115
7116 7117
7116 7118
7116 7119
7116 7120
7121 7116
7116 7122
7121 7123
7121 7124
7121 7125
7121 7126
7121 7121
7116 7127
7128 7129
7130 7131
7131 7132
7131 7133
7134 7135
7136 7136
7136 7134
7136 7137
7136 7138
7139 7140
7140 7141
7139 7142
7140 7143
7140 7144
7145 7146
7147 7148
7149 7150
7147 7151
7147 7152
7153 7154
7155 7156
7157 7149
7158 7159
7155 7145
7149 7153
7160 7161
7149 7162
7149 7163
7149 7147
7149 7164
7147 7165
7166 7167
7166 7168
7145 7169
7149 7170
7157 7171
7155 7172
7166 7173
7157 7174
7149 7160
7149 7158
7149 7166
7155 7157
7175 7176
7175 7177
7175 7178
7175 7179
7175 7175
7175 7180
7181 7182
7183 7181
7181 7184
7185 7186
7187 7188
7189 7190
7189 7191
7189 7192
7193 7194
7193 7195
7196 7197
7196 7193
7196 7198
7196 7199
7197 7200
7201 7202
7203 7204
7205 7206
7206 7207
7206 7208
7209 7210
7209 7211
7210 7212
7213 7214
7213 7215
7213 7216
7213 7217
7218 7219
7220 7221
7221 7222
7221 7223
7220 7218
7224 7225
7224 7226
7227 7227
7227 7228
7229 7230
7227 7231
7227 7232
7227 7233
7227 7229
7227 7234
7228 7235
7236 7237
7236 7238
7239 7236
7236 7240
7236 7241
7236 7242
7241 7243
7244 7245
7244 7246
7244 7244
7244 7247
7248 7249
7248 7250
7248 7251
7248 7252
7244 7253
7244 7254
7244 7248
7255 7256
7257 7258
7259 7260
7261 7262
7261 7263
7264 7257
7264 7259
7257 7265
7257 7266
7257 7267
7259 7269
7257 7270
7268 7264
7261 7271
7257 7261
7272 7273
7274 7275
7274 7276
7274 7277
7274 7278
7278 7279
7277 7280
7281 7274
7274 7282
7274 7283
7278 7284
7285 7286
7285 7287
7285 7288
7287 7289
7290 7291
7292 7293
7290 7294
7295 7296
7297 7298
7290 7295
7290 7297
7290 7299
7290 7292
7292 7300
7292 7301
7295 7302
7290 7303
7296 7304
7290 7290
7290 7305
7295 7306
7307 7308
7307 7309
7310 7311
7307 7312
7313 7314
7307 7315
7307 7316
7307 7317
7310 7318
7313 7319
7307 7320
7307 7321
7322 7323
7322 7322
7310 7324
7310 7325
7322 7310
7322 7310
7307 7326
7322 7313
7307 7327
7307 7328
7322 7307
7307 7329
7307 7330
7331 7332
7333 7331
7331 7334
7331 7335
7334 7336
7338 7339
7340 7341
7338 7342
7337 7343
7344 7345
7338 7340
7343 7346
7338 7347
7337 7338
7337 7344
7348 7349
7348 7350
7351 7352
7348 7353
7348 7354
7348 7351
7355 7356
7357 7358
7359 7360
7358 7361
7357 7362
7363 7355
7359 7364
7357 7359
7359 7363
7359 7365
7359 7366
7366 7367
7368 7369
7370 7371
7372 7373
7374 7375
7374 7376
7377 7378
7374 7377
7374 7372
7377 7379
7374 7380
7374 7370
7381 7382
7381 7383
7381 7381
7381 7384
7381 7385
7381 7386
7381 7387
7381 7388
7381 7389
7381 7390
7381 7391
7390 7392
7395 7396
7397 7398
7397 7399
7397 7400
7401 7402
7403 7404
7403 7405
7403 7406
7403 7407
7401 7403
7407 7408
7409 7410
7411 7412
7413 7409
7411 7414
7411 7415
7411 7416
7413 7411
7415 7417
7411 7418
7419 7420
7419 7421
7421 7422
7419 7423
7424 7425
7420 7424
7419 7426
7421 7427
7428 7429
7428 7430
7428 7431
7428 7432
7433 7428
7428 7434
7428 7435
7428 7436
7428 7437
7438 7439
7440 7441
7443 7444
7442 7440
7442 7445
7446 7447
7442 7438
7443 7448
7440 7449
7440 7450
7446 7451
7452 7453
7442 7454
7442 7446
7438 7443
7438 7452
7438 7455
7443 7456
7457 7458
7459 7460
7461 7462
7461 7463
7460 7464
7457 7465
7459 7466
7467 7468
7457 7469
7467 7470
7457 7467
7459 7461
7461 7471
7466 7472
7457 7473
7459 7474
7467 7475
7461 7476
7461 7457
7460 7477
7467 7478
7479 7480
7484 7485
7483 7486
7483 7484
7487 7488
7489 7490
7489 7491
7492 7493
7489 7494
7489 7495
7496 7497
7498 7489
7498 7492
7492 7499
7498 7500
7489 7487
7492 7501
7502 7503
7491 7504
7495 7505
7490 7506
7507 7508
7489 7507
7492 7509
7487 7510
7491 7511
7499 7512
7487 7496
7498 7513
7489 7502
7487 7514
7493 7515
7516 7517
7516 7518
7521 7522
7523 7524
7522 7525
7523 7526
7523 7527
7521 7523
7523 7528
7523 7529
7523 7530
7523 7531
7523 7532
7523 7533
7523 7534
7535 7536
7536 7537
7535 7538
7535 7539
7538 7540
7536 7541
7538 7542
7536 7543
7536 7544
7536 7545
7535 7536
7546 7547
7548 7546
7548 7549
7550 7551
7552 7553
7550 7554
7550 7552
7550 7555
7550 7556
7550 7557
7558 7559
7559 7558
7560 7561
7562 7563
7564 7562
7564 7565
7566 7567
7562 7568
7564 7569
7562 7570
7564 7571
7572 7573
7562 7574
7562 7575
7562 7576
7562 7566
7564 7572
7574 7577
7564 7578
7562 7579
7574 7580
7571 7581
7582 7583
7582 7584
7582 7585
7582 7586
7582 7587
7586 7588
7582 7589
7582 7590
7582 7582
7591 7592
7593 7594
7594 7595
7596 7597
7593 7598
7599 7600
7593 7596
7594 7601
7593 7599
7602 7603
7602 7604
7605 7606
7606 7607
7606 7608
7609 7610
7610 7611
7610 7612
7609 7613
7614 7609
7609 7615
7610 7616
7619 7620
7621 7622
7621 7623
7624 7625
7626 7619
7622 7627
7626 7628
7621 7629
7628 7624
7630 7621
7619 7631
7626 7632
7631 7633
7621 7626
7630 7630
7623 7634
7621 7635
7636 7637
7638 7636
7639 7640
7638 7641
7636 7639
7642 7643
7642 7644
7642 7645
7642 7646
7647 7648
7649 7650
7651 7652
7652 7653
7651 7654
7651 7655
7652 7656
7652 7657
7651 7658
7651 7659
7651 7651
7652 7660
7661 7662
7663 7664
7665 7666
7667 7668
7661 7663
7661 7669
7661 7665
7663 7670
7663 7671
7666 7672
7667 7673
7661 7674
7661 7675
7665 7676
7666 7677
7663 7678
7661 7679
7678 7680
7661 7681
7665 7667
7662 7682
7683 7684
7685 7685
7685 7686
7686 7683
7685 7687
7683 7688
7686 7689
7683 7690
7683 7691
7686 7692
7689 7693
7694 7695
7694 7696
7683 7697
7683 7698
7685 7699
7683 7700
7689 7694
7694 7701
7702 7703
7704 7705
7704 7706
7704 7707
7702 7708
7705 7709
7702 7710
7703 7711
7704 7712
7702 7704
7705 7713
7705 7714
7710 7715
7705 7716
7710 7717
7705 7718
7704 7719
7720 7721
7721 7722
7723 7724
7725 7726
7725 7727
7725 7728
7725 7723
7725 7729
7736 7737
7738 7739
7740 7736
7736 7741
7740 7738
7738 7742
7740 7743
7736 7744
7747 7748
7747 7749
7750 7751
7750 7750
7750 7752
7750 7753
7754 7755
7756 7757
7758 7759
7758 7760
7758 7761
7760 7763
7758 7764
7762 7765
7758 7766
7762 7758
7758 7767
7762 7768
7771 7772
7773 7771
7771 7774
7773 7775
7776 7777
7778 7776
7781 7782
7781 7783
7783 7784
7787 7788
7789 7790
7789 7791
7787 7789
7792 7793
7787 7794
7789 7795
7787 7796
7787 7797
7787 7798
7792 7799
7794 7800
7789 7801
7787 7792
7792 7802
7789 7803
7789 7804
7789 7805
7798 7806
7807 7808
7807 7809
7810 7811
7812 7813
7814 7810
7814 7815
7814 7816
7817 7818
7817 7819
7820 7821
7822 7823
7822 7824
7822 7825
7822 7826
7812 7827
7822 7828
7814 7829
7814 7830
7820 7831
7811 7832
7814 7833
7814 7834
7835 7836
7837 7838
7839 7840
7814 7835
7837 7841
7812 7822
7814 7842
7820 7843
7822 7844
7814 7839
7814 7845
7819 7812
7832 7846
7842 7847
7825 7848
7814 7849
7849 7850
7811 7851
7825 7852
7822 7853
7814 7854
7811 7855
7814 7817
7856 7820
7849 7856
7817 7857
7814 7858
7814 7859
7849 7860
7814 7837
7863 7864
7863 7863
7863 7865
7865 7866
7863 7867
7865 7868
7863 7869
7863 7870
7865 7871
7863 7872
7863 7873
7863 7874
7865 7875
7876 7877
7880 7881
7881 7882
7881 7883
7884 7885
7880 7884
7889 7890
7888 7889
7891 7892
7892 7893
7894 7895
7894 7896
7897 7898
7898 7899
7898 7900
7901 7902
7902 7903
7902 7904
7902 7905
7901 7902
7901 7906
7907 7908
7907 7909
7910 7911
7907 7912
7913 7914
7915 7916
7908 7917
7907 7913
7907 7918
7909 7919
7919 7920
7907 7910
7907 7921
7911 7922
7907 7923
7907 7924
7911 7915
7907 7925
7907 7926
7927 7928
7927 7929
7927 7930
7928 7931
7927 7932
7933 7934
7933 7935
7938 7939
7939 7940
7939 7941
7942 7943
7943 7944
7942 7945
7947 7948
7946 7947
7949 7950
7951 7952
7953 7954
7953 7955
7953 7956
7953 7957
7954 7958
7951 7959
7953 7960
7953 7961
7953 7962
7954 7951
7951 7963
7964 7965
7965 7966
7967 7968
7967 7969
7965 7970
7964 7971
7972 7973
7967 7974
7972 7975
7964 7976
7964 7967
7974 7977
7964 7978
7973 7979
7967 7980
7967 7981
7967 7982
7967 7983
7967 7984
7964 7985
7964 7986
7967 7987
7988 7972
7988 7989
7967 7990
7967 7991
7967 7992
7974 7993
7974 7994
7967 7995
7988 7996
7971 7988
7964 7997
7974 7998
8000 8001
7999 8002
8003 8004
8003 8000
7999 8005
8003 8006
7999 8003
8007 8008
8009 8010
8011 8012
8007 8013
8011 8014
8009 8015
8007 8016
8015 8017
8007 8018
8007 8019
8007 8020
8007 8021
8007 8022
8014 8023
8009 8007
8007 8011
8007 8024
8027 8028
8027 8029
8027 8030
8027 8031
8027 8032
8027 8033
8042 8043
8044 8045
8042 8046
8042 8047
8047 8048
8042 8044
8042 8049
8042 8050
8042 8051
8044 8052
8042 8053
8049 8054
8042 8055
8042 8056
8042 8057
8042 8058
8047 8059
8049 8060
8042 8061
8042 8062
8042 8063
8047 8064
8047 8065
8057 8066
8042 8067
8058 8068
8042 8069
8070 8071
8071 8072
8071 8073
8074 8075
8076 8070
8071 8077
8070 8074
8071 8078
8076 8079
8072 8080
8072 8081
8070 8082
8083 8084
8084 8085
8083 8086
8091 8092
8091 8093
8092 8094
8094 8095
8096 8097
8098 8099
8098 8100
8101 8102
8101 8103
8101 8104
8101 8105
8106 8107
8108 8109
8101 8110
8111 8112
8101 8113
8101 8108
8101 8114
8101 8101
8101 8111
8111 8115
8101 8116
8105 8117
8115 8106
8115 8118
8123 8124
8123 8125
8126 8127
8123 8128
8123 8129
8123 8130
8123 8131
8126 8132
8133 8134
8135 8136
8126 8137
8138 8139
8126 8140
8141 8133
8142 8143
8128 8144
8135 8145
8126 8146
8123 8147
8123 8148
8123 8142
8130 8149
8123 8150
8151 8152
8153 8154
8123 8141
8126 8155
8126 8156
8128 8157
8131 8158
8135 8159
8126 8153
8133 8160
8123 8161
8123 8162
8147 8163
8130 8164
8126 8135
8131 8126
8123 8151
8142 8165
8147 8138
8126 8166
8167 8168
8169 8170
8171 8172
8173 8174
8171 8175
8171 8176
8171 8177
8178 8179
8171 8173
8171 8180
8171 8181
8173 8182
8173 8183
8171 8184
8173 8185
8177 8186
8169 8187
8171 8173
8178 8188
8171 8169
8171 8189
8169 8190
8171 8191
8173 8178
8169 8192
8193 8194
8193 8195
8193 8196
8193 8197
8193 8198
8193 8199
8200 8201
8202 8200
8203 8204
8205 8206
8205 8207
8208 8205
8205 8209
8205 8210
8211 8212
8205 8213
8205 8211
8205 8214
8205 8215
8205 8216
8205 8217
8211 8218
8205 8219
8220 8221
8222 8223
8224 8225
8225 8226
8224 8227
8224 8228
8224 8222
8229 8230
8231 8229
8231 8232
8233 8234
8235 8236
8235 8237
8235 8233
8233 8238
8234 8239
8242 8243
8245 8246
8245 8247
8242 8248
8244 8245
8245 8249
8245 8250
8245 8251
8245 8242
8252 8253
8253 8254
8255 8256
8256 8258
8257 8255
8256 8259
8260 8261
8262 8263
8262 8264
8262 8265
8266 8267
8266 8268
8271 8271
8271 8272
8271 8273
8271 8274
8271 8275
8272 8276
8277 8278
8277 8279
8277 8280
8281 8282
8277 8283
8277 8284
8277 8285
8277 8286
8277 8281
8287 8288
8289 8290
8291 8292
8292 8291
8293 8294
8295 8296
8293 8297
8297 8298
8293 8295
8295 8299
8300 8301
8300 8302
8302 8303
8300 8304
8300 8305
8304 8306
8301 8307
8302 8308
8309 8310
8312 8313
8311 8312
8314 8315
8314 8316
8314 8317
8314 8318
8314 8319
8322 8323
8322 8324
8322 8325
8322 8326
8322 8327
8330 8331
8332 8333
8333 8334
8335 8336
8335 8337
8335 8339
8335 8340
8335 8341
8338 8335
8342 8343
8342 8344
8345 8342
8342 8346
8351 8352
8355 8356
8355 8357
8355 8358
8364 8365
8363 8364
8368 8369
8368 8370
8368 8371
8378 8379
8378 8380
8381 8382
8381 8383
8386 8386
8386 8387
8386 8388
8386 8389
8386 8390
8393 8394
8397 8398
8399 8400
8401 8402
8397 8403
8399 8404
8397 8405
8401 8406
8399 8407
8399 8408
8397 8409
8399 8410
8399 8399
8403 8411
8397 8412
8400 8401
8405 8413
8399 8414
8408 8415
8399 8416
8397 8417
8399 8397
8407 8418
8399 8419
8407 8420
8421 8422
8423 8424
8425 8426
8423 8427
8425 8425
8425 8428
8423 8429
8423 8430
8423 8431
8425 8423
8423 8432
8425 8433
8434 8435
8435 8436
8437 8438
8437 8439
8437 8440
8437 8437
8440 8441
8442 8443
8444 8442
8447 8448
8449 8450
8447 8449
8449 8451
8449 8452
8447 8453
8447 8449
8447 8454
8455 8456
8459 8460
8460 8461
8460 8462
8460 8463
8464 8465
8466 8467
8468 8469
8466 8470
8466 8468
8466 8471
8472 8473
8474 8475
8472 8476
8472 8477
8474 8472
8472 8478
8472 8479
8482 8483
8482 8484
8484 8485
8482 8486
8487 8488
8486 8489
8482 8490
8490 8491
8486 8492
8482 8493
8482 8494
8495 8496
8490 8497
8482 8498
8487 8499
8488 8500
8490 8501
8482 8502
8482 8495
8494 8503
8482 8487
8482 8504
8487 8505
8506 8507
8508 8509
8506 8508
8512 8513
8512 8514
8515 8516
8517 8518
8519 8520
8517 8521
8519 8517
8519 8522
8517 8523
8524 8525
8526 8527
8526 8528
8526 8529
8530 8531
8530 8532
8530 8530
8530 8533
8530 8534
8530 8535
8536 8537
8541 8542
8540 8541
8541 8543
8544 8545
8544 8546
8544 8547
8544 8548
8549 8550
8551 8552
8551 8553
8554 8555
8554 8556
8554 8557
8558 8559
8558 8560
8563 8564
8563 8565
8563 8566
8569 8570
8569 8571
8569 8572
8569 8573
8569 8574
8569 8575
8576 8577
8582 8583
8584 8585
8586 8587
8586 8588
8589 8590
8589 8591
8592 8593
8594 8595
8596 8597
8596 8598
8599 8600
8599 8601
8602 8603
8604 8605
8606 8604
8607 8608
8609 8607
8610 8611
8612 8613
8614 8615
8616 8617
8616 8618
8616 8616
8617 8619
8620 8621
8620 8622
8625 8626
8627 8628
8629 8630
8631 8632
8631 8633
8631 8634
8635 8636
8637 8635
8638 8637
8637 8639
8637 8640
8637 8641
8637 8642
8637 8643
8637 8644
8645 8646
8647 8648
8647 8649
8650 8651
8651 8652
8653 8654
8655 8656
8655 8657
8660 8661
8662 8660
8663 8664
8665 8666
8667 8668
8667 8667
8667 8669
8670 8671
8672 8673
8672 8674
8675 8672
8678 8679
8678 8680
8681 8682
8681 8683
8682 8684
8685 8681
8681 8686
8681 8687
8685 8688
8685 8689
8685 8690
8682 8691
8685 8692
8693 8694
8695 8696
8695 8697
8695 8698
8699 8700
8701 8702
8703 8704
8705 8706
8707 8708
8709 8710
8709 8711
8712 8713
8708 8714
8707 8715
8707 8716
8709 8717
8707 8718
8709 8712
8707 8719
8707 8720
8708 8721
8707 8722
8707 8709
8715 8723
8707 8724
8725 8726
8727 8728
8727 8729
8727 8730
8727 8731
8727 8732
8727 8733
8727 8734
8735 8736
8737 8738
8737 8739
8739 8740
8737 8741
8742 8743
8744 8745
8746 8744
8747 8748
8747 8749
8747 8750
8747 8751
8747 8747
8752 8753
8752 8754
8754 8755
8756 8757
8764 8765
8766 8767
8768 8769
8770 8771
8774 8774
8774 8775
8774 8776
8774 8777
8774 8778
8774 8779
8777 8780
8774 8781
8782 8783
8784 8785
8790 8791
8790 8790
8790 8792
8790 8793
8796 8797
8796 8798
8796 8799
8796 8800
8801 8802
8803 8804
8804 8801
8809 8810
8811 8812
8811 8813
8811 8814
8815 8811
8811 8816
8811 8817
8819 8820
8819 8821
8818 8819
8830 8831
8832 8833
8832 8834
8832 8835
8836 8837
8836 8838
8839 8840
8839 8841
8839 8842
8836 8843
8836 8844
8836 8845
8836 8839
8839 8846
8836 8847
8848 8849
8851 8852
8851 8853
8850 8851
8851 8854
8851 8855
8851 8856
8851 8857
8851 8858
8859 8860
8861 8862
8861 8863
8864 8865
8866 8867
8868 8869
8870 8871
8872 8873
8874 8872
8877 8878
8879 8880
8879 8877
8880 8881
8877 8882
8883 8884
8883 8885
8888 8889
8892 8893
8894 8895
8898 8899
8899 8900
8903 8904
8909 8910
8909 8911
8912 8909
8909 8913
8909 8914
8915 8916
8917 8918
8917 8919
8917 8920
8917 8921
8922 8923
8928 8929
8930 8931
8932 8933
8932 8934
8932 8935
8936 8937
8936 8938
8939 8940
8939 8941
8943 8944
8942 8943
8945 8946
8945 8947
8945 8948
8945 8949
8945 8950
8951 8952
8953 8954
8953 8955
8958 8959
8960 8961
8962 8963
8960 8964
8960 8962
8965 8960
8962 8966
8967 8968
8967 8969
8967 8970
8967 8971
8972 8973
8974 8975
8974 8977
8976 8974
8974 8978
8979 8980
8979 8981
8982 8983
8982 8984
8985 8986
8987 8988
8991 8992
8992 8993
8994 8995
8995 8996
8997 8998
8995 8999
8997 8994
8995 9000
8998 9001
8995 9002
8995 9003
9004 9005
9008 9009
9008 9010
9011 9012
9011 9013
9011 9014
9011 9015
9011 9016
9011 9017
9020 9021
9020 9020
9020 9022
9020 9023
9024 9025
9026 9027
9028 9029
9030 9031
9030 9032
9033 9034
9035 9036
9037 9038
9037 9039
9040 9041
9044 9045
9044 9046
9047 9048
9047 9049
9047 9050
9047 9051
9047 9052
9047 9053
9047 9054
9057 9058
9059 9060
9061 9062
9063 9064
9063 9065
9063 9066
9067 9068
9071 9072
9073 9074
9071 9073
9079 9080
9079 9081
9079 9082
9087 9088
9089 9090
9087 9091
9089 9092
9089 9087
9089 9087
9093 9094
9093 9095
9087 9096
9087 9093
9092 9097
9098 9099
9098 9100
9100 9101
9102 9103
9098 9104
9100 9105
9098 9102
9108 9109
9109 9110
9111 9112
9112 9113
9116 9117
9120 9121
9120 9122
9125 9126
9127 9128
9129 9130
9129 9131
9129 9132
9133 9134
9135 9136
9137 9138
9137 9139
9137 9140
9137 9141
9137 9142
9137 9143
9137 9144
9137 9145
9146 9147
9148 9146
9149 9150
9149 9151
9152 9153
9154 9155
9156 9157
9158 9159
9158 9160
9158 9161
9158 9158
9162 9163
9166 9167
9166 9168
9171 9172
9171 9173
9174 9175
9174 9176
9176 9177
9175 9178
9179 9180
9179 9181
9184 9185
9186 9187
9186 9188
9185 9186
9186 9189
9190 9191
9190 9192
9190 9193
9194 9195
9196 9197
9198 9199
9198 9200
9201 9202
9205 9206
9205 9207
9208 9209
9210 9211
9210 9212
9210 9213
9214 9215
9214 9216
9221 9222
9223 9224
9223 9225
9226 9227
9227 9228
9229 9230
9229 9231
9232 9233
9234 9235
9236 9237
9236 9238
9236 9239
9236 9240
9236 9241
9244 9245
9246 9247
9248 9249
9247 9250
9248 9251
9246 9252
9246 9248
9253 9254
9257 9258
9257 9259
9260 9261
9264 9265
9265 9266
9269 9270
9271 9272
9271 9273
9276 9277
9278 9279
9278 9280
9285 9286
9285 9287
9288 9285
9289 9290
9291 9292
9294 9295
9293 9294
9296 9297
9298 9299
9300 9301
9300 9302
9303 9304
9303 9305
9303 9306
9307 9308
9309 9310
9309 9311
9310 9312
9309 9313
9314 9315
9318 9319
9318 9320
9318 9321
9318 9322
9323 9324
9323 9325
9323 9326
9323 9327
9323 9328
9323 9323
9323 9329
9332 9333
9334 9335
9334 9336
9337 9338
9337 9339
9342 9342
9342 9343
9342 9344
9345 9346
9347 9348
9349 9350
9351 9352
9351 9353
9351 9354
9351 9351
9359 9360
9359 9361
9359 9362
9359 9363
9364 9365
9370 9371
9372 9373
9372 9373
9373 9374
9373 9375
9373 9376
9377 9378
9381 9382
9385 9386
9387 9388
9389 9390
9391 9392
9391 9393
9394 9395
9398 9399
9398 9398
9400 9401
9398 9402
9398 9400
9405 9406
9405 9407
9410 9411
9414 9415
9416 9417
9418 9419
9420 9421
9422 9423
9428 9429
9430 9428
9431 9432
9431 9433
9434 9435
9436 9437
9438 9439
9438 9440
9441 9442
9443 9444
9445 9446
9447 9448
9449 9447
9451 9452
9450 9451
9455 9456
9457 9458
9458 9459
9460 9461
9460 9462
9460 9463
9460 9460
9460 9464
9460 9465
9460 9466
9467 9468
9469 9470
9471 9472
9471 9473
9473 9469
9472 9474
9472 9475
9476 9477
9478 9479
9478 9480
9481 9482
9481 9483
9481 9484
9485 9486
9487 9488
9489 9490
9491 9492
9493 9494
9495 9496
9497 9498
9497 9499
9500 9501
9504 9505
9506 9507
9510 9511
9512 9510
9515 9516
9517 9518
9519 9520
9521 9522
9521 9523
9524 9525
9526 9527
9528 9529
9530 9531
9530 9532
9530 9533
9532 9534
9535 9536
9541 9542
9549 9550
9551 9552
9553 9554
9557 9558
9561 9562
9563 9564
9565 9566
9565 9567
9568 9569
9568 9570
9571 9572
9571 9571
9571 9573
9575 9576
9575 9577
9574 9575
9578 9579
9580 9581
9581 9582
9581 9583
9584 9585
9588 9589
9589 9588
9592 9593
9594 9595
9596 9597
9598 9599
9604 9605
9606 9604
9607 9608
9607 9609
9607 9610
9613 9614
9613 9615
9616 9617
9618 9619
9620 9621
9622 9623
9624 9622
9622 9625
9622 9626
9622 9627
9632 9633
9634 9632
9635 9636
9635 9637
9638 9635
9639 9640
9641 9642
9643 9644
9645 9646
9647 9648
9648 9649
9650 9651
9652 9653
9652 9654
9657 9658
9659 9660
9663 9664
9665 9666
9667 9668
9669 9670
9671 9672
9671 9673
9676 9677
9678 9679
9682 9683
9682 9684
9685 9686
9687 9688
9691 9692
9691 9693
9691 9694
9691 9695
9696 9697
9698 9699
9704 9705
9706 9707
9708 9709
9708 9706
9714 9715
9715 9716
9719 9720
9721 9722
9723 9724
9725 9726
9727 9728
9729 9730
9735 9736
9741 9742
9743 9744
9745 9746
9747 9748
9747 9749
9747 9750
9753 9754
9753 9755
9756 9757
9758 9759
9760 9761
9760 9762
9763 9764
9765 9766
9765 9767
9765 9768
9765 9765
9771 9772
9771 9773
9771 9774
9771 9775
9776 9777
9776 9778
9776 9779
9780 9781
9782 9783
9786 9787
9796 9797
9797 9798
9797 9799
9800 9801
9802 9803
9804 9805
9805 9806
9804 9807
9808 9809
9810 9811
9812 9813
9814 9815
9816 9817
9818 9819
9820 9821
9824 9825
9826 9827
9828 9829
9830 9831
9832 9830
9835 9836
9836 9837
9838 9839
9840 9841
9845 9846
9844 9847
9847 9845
9848 9849
9848 9850
9848 9851
9852 9853
9854 9855
9856 9857
9858 9859
9860 9861
9862 9863
9864 9865
9864 9866
9869 9870
9869 9871
9869 9872
9869 9873
9874 9875
9876 9877
9878 9879
9878 9880
9881 9882
9885 9886
9891 9892
9893 9894
9895 9896
9901 9902
9907 9908
9909 9910
9913 9914
9913 9915
9913 9916
9913 9917
9913 9918
9925 9926
9927 9928
9929 9930
9929 9931
9934 9935
9934 9936
9937 9938
9939 9940
9941 9942
9939 9943
9939 9941
9944 9945
9946 9947
9946 9948
9946 9949
9954 9955
9954 9956
9963 9964
9969 9970
9971 9972
9973 9974
9975 9976
9977 9978
9977 9977
9979 9980
9979 9981
9982 9983
9984 9985
9986 9987
9990 9991
9992 9993
9994 9995
9996 9997
9997 9994
9998 9999
10000 10001
10004 10005
10008 10009
10010 10011
10012 10013
10014 10015
10015 10016
10017 10018
10019 10020
10020 10021
10019 10022
10020 10023
10024 10025
10026 10027
10030 10031
10032 10033
10034 10035
10036 10037
10038 10039
10042 10043
10044 10045
10044 10046
10044 10044
10051 10052
10053 10054
10057 10058
10059 10060
10061 10062
10063 10064
10065 10066
10069 10070
10071 10072
10073 10074
10075 10073
10078 10079
10082 10083
10084 10085
10088 10089
10088 10090
10091 10092
10095 10096
10095 10097
10098 10099
10100 10101
10104 10105
10106 10107
10108 10109
10110 10111
10116 10117
10118 10119
10120 10121
10122 10123
10124 10125
10126 10127
10128 10129
10132 10133
10134 10135
10136 10137
10138 10139
10139 10140
10143 10144
10145 10146
10147 10148
10151 10152
10153 10154
10155 10156
10159 10160
10161 10162
10161 10163
10164 10165
10166 10167
10168 10169
10180 10181
10182 10183
10186 10187
10186 10188
10189 10190
10190 10191
10192 10193
10196 10197
10198 10199
10200 10201
10204 10205
10204 10206
10207 10208
10209 10210
10211 10212
10211 10213
10211 10214
10211 10215
10216 10217
10222 10223
10224 10225
10226 10227
10228 10229
10232 10233
10234 10235
10236 10237
10240 10241
10244 10245
10246 10247
10250 10251
10252 10250
10255 10256
10261 10262
10265 10266
10267 10268
10271 10272
10271 10273
10274 10275
10276 10277
10278 10279
10280 10281
10280 10282
10285 10286
10287 10288
10289 10290
10291 10292
10293 10294
10295 10296
10297 10298
10299 10300
10301 10302
10303 10304
10307 10308
10309 10310
10311 10312
10313 10314
10315 10316
10317 10318
10321 10322
10323 10324
10325 10326
10327 10328
10329 10330
10331 10332
10331 10333
10336 10337
10338 10339
10342 10343
10346 10347
10350 10351
10356 10357
10358 10359
10358 10360
10361 10362
10363 10364
10365 10366
10367 10368
10375 10376
10381 10382
10385 10386
10387 10388
10389 10390
10391 10392
10393 10394
10395 10396
10399 10400
10401 10399
10402 10403
10404 10405
10410 10411
10412 10413
10414 10415
10420 10421
10424 10425
10426 10427
10428 10429
10430 10431
10432 10433
10438 10439
10440 10441
10442 10443
10448 10449
10450 10451
10452 10453
10454 10455
10458 10459
10458 10460
10461 10462
10463 10464
10465 10466
10467 10468
10469 10470
10471 10472
10473 10474
10475 10476
10475 10477
10478 10479
10480 10481
10482 10483
10490 10491
10492 10493
10494 10495
10496 10497
10498 10499
10500 10501
10502 10503
10503 10504
10509 10510
10513 10514
10517 10518
10519 10520
10523 10524
10525 10526
10527 10528
10531 10532
10533 10534
10535 10536
10537 10538
10539 10540
10541 10542
10543 10544
10545 10546
10547 10548
10549 10550
10553 10554
10557 10558
10559 10560
10559 10561
10574 10575
10578 10579
10580 10581
10584 10585
10586 10587
10588 10589
10590 10591
10592 10593
10594 10595
10596 10597
10598 10599
10600 10601
10604 10605
10608 10609
10610 10611
10614 10615
10616 10617
10618 10619
10620 10621
10622 10623
10624 10625
