0 1
0 4
0 5
0 8
0 11
0 20
0 48
0 130
0 160
0 430
0 668
0 736
1 1
1 44
1 50
1 56
1 98
1 99
1 106
1 146
1 147
1 149
1 158
1 171
1 175
1 184
1 206
1 259
1 333
1 336
1 392
1 397
1 406
1 422
1 446
1 457
1 585
1 602
1 620
1 640
1 732
1 733
1 779
1 841
2 3
3 3
3 10
3 175
3 313
3 314
3 347
3 388
3 389
3 457
3 509
3 510
3 653
3 808
5 4
5 5
5 10
5 26
5 47
5 59
5 143
5 171
5 292
5 355
5 430
5 527
5 740
5 741
5 743
5 865
5 885
5 887
5 994
6 7
7 7
8 385
9 10
10 5
10 10
10 30
10 34
10 35
10 37
10 38
10 56
10 65
10 73
10 77
10 87
10 94
10 97
10 106
10 107
10 124
10 140
10 141
10 146
10 147
10 152
10 161
10 175
10 182
10 192
10 195
10 198
10 202
10 206
10 211
10 213
10 222
10 233
10 247
10 251
10 255
10 264
10 275
10 292
10 294
10 309
10 310
10 313
10 328
10 333
10 336
10 366
10 389
10 393
10 417
10 422
10 444
10 446
10 457
10 467
10 485
10 493
10 500
10 505
10 510
10 512
10 535
10 595
10 605
10 615
10 626
10 628
10 634
10 638
10 640
10 671
10 677
10 693
10 704
10 726
10 733
10 746
10 760
10 784
10 788
10 795
10 818
10 838
10 841
10 859
10 877
10 907
10 911
10 920
10 929
10 937
10 949
10 957
10 972
10 991
10 999
11 11
11 20
11 68
11 86
11 111
11 167
11 192
11 207
11 209
11 240
11 259
11 264
11 292
11 301
11 314
11 333
11 336
11 366
11 479
11 510
11 516
11 599
11 604
11 613
11 622
11 668
11 673
11 710
11 779
11 801
11 872
11 911
11 918
11 972
12 13
14 15
14 20
14 63
14 160
14 254
14 538
15 10
15 15
15 292
15 397
15 668
15 693
15 745
16 17
16 175
18 19
19 8
19 19
19 54
19 135
19 222
19 313
19 385
19 389
19 536
19 634
19 660
19 781
19 808
20 10
20 11
20 20
20 126
20 178
20 182
20 259
20 314
20 315
20 346
20 406
20 435
20 439
20 440
20 447
20 452
20 457
20 497
20 512
20 538
20 671
20 673
20 675
20 676
20 693
20 766
20 794
20 808
20 844
20 849
20 929
20 934
20 939
20 996
21 22
22 22
22 127
22 182
22 207
22 227
22 255
22 287
22 314
22 358
22 433
22 446
22 599
22 673
22 752
22 791
22 818
22 861
22 862
22 874
22 920
23 24
23 25
23 26
23 28
23 33
23 40
23 47
23 59
23 60
23 117
23 143
23 885
23 887
24 24
24 26
24 59
24 104
24 372
24 442
24 588
24 590
24 714
24 805
25 25
26 26
26 59
26 885
26 994
27 25
27 26
27 28
27 47
27 59
27 60
27 143
27 885
27 887
28 28
28 143
29 30
30 10
30 30
30 47
30 104
30 134
30 135
30 137
30 175
30 200
30 211
30 225
30 248
30 327
30 328
30 333
30 364
30 440
30 446
30 622
30 685
30 693
30 704
30 772
30 837
30 898
30 903
30 911
30 950
30 954
30 981
31 32
32 87
32 356
32 392
32 509
32 510
32 623
32 644
32 676
32 685
32 697
32 809
32 872
32 875
33 206
34 10
34 34
34 35
34 83
34 313
34 455
34 536
34 589
34 599
34 634
34 818
35 10
35 34
35 35
35 83
35 120
35 175
35 222
35 240
35 278
35 283
35 304
35 313
35 314
35 389
35 392
35 439
35 440
35 455
35 536
35 589
35 599
35 623
35 634
35 656
35 814
35 818
35 852
35 949
35 951
36 37
37 10
37 36
37 37
37 106
37 301
37 425
37 518
37 599
37 604
37 615
37 663
37 685
37 698
37 717
37 937
37 968
39 10
40 134
40 289
40 442
40 631
40 714
40 784
40 887
41 41
41 42
41 68
41 139
41 233
41 255
41 261
41 289
41 290
41 298
41 314
41 373
41 417
41 431
41 534
41 573
41 589
41 590
41 599
41 612
41 631
41 632
41 677
41 694
41 714
41 715
41 760
41 784
41 797
41 805
41 823
41 852
41 862
41 911
42 41
42 42
42 233
43 44
44 44
45 46
45 58
46 45
46 46
46 58
46 301
46 444
46 459
46 567
46 615
46 663
46 664
46 665
46 744
46 783
46 801
46 877
46 937
46 968
46 973
46 994
47 5
47 30
47 47
47 94
47 111
48 48
48 911
49 50
49 240
50 1
50 49
50 50
50 56
50 79
50 99
50 146
50 147
50 149
50 158
50 175
50 192
50 240
50 325
50 333
50 336
50 406
50 620
50 622
50 640
50 778
50 779
50 809
50 818
50 841
50 861
51 52
53 54
53 87
53 207
53 255
54 54
54 135
54 222
54 278
54 283
54 313
54 385
54 401
54 455
54 657
54 660
54 718
54 784
54 814
54 830
55 55
55 56
55 147
55 158
55 192
55 422
56 1
56 10
56 55
56 56
56 99
56 146
56 147
56 158
56 175
56 192
56 256
56 314
56 333
56 336
56 406
56 421
56 422
56 425
56 446
56 602
56 663
56 780
56 841
56 843
56 920
57 58
58 45
58 46
58 58
58 111
58 292
58 402
58 441
58 442
58 534
58 572
58 589
58 676
58 749
58 801
58 821
58 852
59 10
59 59
59 446
60 26
60 59
60 117
60 994
61 58
62 10
62 206
62 306
62 307
63 63
63 146
63 192
63 202
63 203
63 251
63 252
63 275
63 389
63 446
63 471
63 493
63 516
63 685
63 794
64 65
64 66
64 868
65 65
65 66
65 79
65 147
65 171
65 184
65 186
65 203
65 207
65 240
65 252
65 256
65 314
65 438
65 466
65 467
65 495
65 571
65 726
65 868
66 65
66 66
66 79
66 126
66 186
66 203
66 314
66 466
66 467
66 495
66 570
66 788
66 868
67 68
68 41
68 67
68 68
68 126
68 175
68 178
68 186
68 192
68 240
68 255
68 261
68 301
68 314
68 326
68 356
68 387
68 393
68 397
68 431
68 433
68 440
68 467
68 516
68 588
68 590
68 599
68 631
68 673
68 677
68 693
68 694
68 765
68 775
68 794
68 805
68 823
68 843
68 849
68 852
68 872
68 911
69 10
70 71
70 72
70 280
70 364
70 485
70 611
70 859
70 920
71 372
71 431
71 631
71 676
71 685
71 693
71 911
71 985
72 72
72 285
72 390
72 510
74 75
76 20
76 77
76 85
76 86
76 119
76 120
77 10
78 79
79 50
79 79
79 99
79 146
79 147
79 175
79 192
79 333
79 336
79 421
79 422
79 425
79 602
79 620
79 622
79 779
79 915
80 81
81 10
81 80
81 81
81 215
81 676
81 693
81 704
81 911
82 83
83 34
83 35
83 83
83 147
83 192
83 217
83 222
83 228
83 283
83 313
83 314
83 356
83 385
83 389
83 397
83 446
83 455
83 457
83 477
83 497
83 536
83 599
83 634
83 676
83 682
83 685
83 693
83 843
83 849
83 852
83 911
83 949
84 44
86 11
86 86
86 167
86 255
86 256
86 299
86 314
86 563
86 589
86 663
86 673
86 783
86 794
86 838
86 907
86 932
86 941
86 972
87 10
87 111
87 510
87 623
87 685
87 808
87 852
87 872
87 919
88 89
90 91
92 93
92 94
94 25
94 26
94 47
94 59
94 93
94 94
94 116
94 147
94 250
94 430
94 609
94 885
94 886
94 887
94 994
95 58
96 7
96 97
97 10
97 96
97 97
97 147
97 175
97 186
97 192
97 217
97 240
97 327
97 328
97 397
97 440
97 452
97 467
97 485
97 510
97 516
97 563
97 640
97 693
97 808
97 838
97 841
97 872
97 920
98 1
98 99
99 1
99 50
99 56
99 79
99 98
99 146
99 147
99 149
99 158
99 192
99 285
99 333
99 336
99 406
99 446
99 505
99 602
99 620
99 640
99 779
99 841
99 852
100 72
101 102
102 102
102 518
102 852
102 911
103 104
104 24
104 30
104 87
104 103
104 104
104 107
104 108
104 111
104 116
104 134
104 135
104 136
104 137
104 138
104 200
104 215
104 217
104 225
104 227
104 240
104 248
104 254
104 264
104 289
104 290
104 298
104 304
104 312
104 323
104 327
104 328
104 332
104 364
104 372
104 373
104 420
104 502
104 503
104 557
104 572
104 588
104 590
104 596
104 599
104 609
104 612
104 621
104 631
104 632
104 636
104 677
104 714
104 715
104 760
104 761
104 772
104 797
104 805
104 849
104 850
104 851
104 852
104 862
104 903
104 943
104 953
104 954
104 999
105 106
106 1
106 37
106 106
106 146
106 147
106 149
106 158
106 192
106 207
106 287
106 301
106 333
106 336
106 337
106 388
106 406
106 446
106 505
106 506
106 586
106 599
106 640
106 663
106 664
106 693
106 698
106 720
106 818
106 841
106 874
106 877
106 879
106 911
107 10
107 104
107 107
107 108
107 111
107 112
107 175
107 182
107 292
107 338
107 364
107 441
107 442
107 462
107 502
107 503
107 557
107 586
107 609
107 626
107 660
107 682
107 685
107 693
107 715
107 745
107 749
107 795
107 801
107 849
108 104
108 107
108 111
108 248
108 760
109 109
109 110
109 257
109 366
109 500
109 718
111 111
113 26
113 114
113 115
113 116
113 117
113 118
113 430
113 885
113 994
114 26
114 59
114 994
115 115
115 118
116 26
116 59
116 114
116 116
116 117
116 135
116 138
116 430
116 588
116 590
116 885
116 994
118 4
118 5
118 94
118 115
118 116
118 118
118 330
118 430
118 886
118 994
119 872
120 34
120 35
120 85
120 119
120 120
120 217
120 240
120 261
120 332
120 372
120 503
120 588
120 590
120 694
120 728
120 814
120 818
120 838
120 918
120 949
120 978
121 122
123 102
124 10
125 126
126 20
126 66
126 68
126 125
126 126
126 158
126 207
126 259
126 301
126 336
126 366
126 397
126 441
126 452
126 457
126 505
126 509
126 510
126 535
126 604
126 676
126 849
126 852
126 868
126 872
126 911
126 918
126 972
127 22
128 1
129 130
130 48
130 87
130 130
130 135
130 431
130 676
130 808
130 843
130 919
131 30
131 328
132 4
132 5
133 104
133 134
133 135
133 136
133 137
133 138
134 30
134 40
134 104
134 134
134 135
134 136
134 137
134 138
134 175
134 200
134 225
134 233
134 248
134 254
134 298
134 327
134 328
134 332
134 364
134 372
134 373
134 431
134 446
134 502
134 557
134 590
134 636
134 677
134 685
134 693
134 714
134 715
134 772
134 800
134 805
134 850
134 953
135 19
135 30
135 54
135 104
135 116
135 130
135 134
135 135
135 136
135 137
135 138
135 144
135 200
135 225
135 248
135 298
135 304
135 327
135 328
135 364
135 372
135 373
135 431
135 455
135 557
135 631
135 636
135 660
135 693
135 715
135 784
135 932
135 943
135 953
135 954
136 104
136 134
136 135
136 136
136 137
136 138
136 442
136 446
136 557
136 966
137 30
137 104
137 133
137 134
137 135
137 136
137 137
137 138
137 200
137 225
137 294
137 431
137 446
137 557
137 573
137 636
137 772
137 817
137 850
137 865
137 866
138 26
138 30
138 59
138 81
138 104
138 116
138 134
138 135
138 136
138 137
138 138
138 200
138 220
138 225
138 248
138 304
138 338
138 364
138 557
138 609
138 636
138 715
138 734
138 784
138 792
138 943
139 41
139 140
139 609
140 10
140 140
140 292
140 314
140 509
140 510
140 599
140 794
140 809
140 838
141 10
142 143
143 5
143 143
143 165
143 430
144 135
145 146
146 1
146 10
146 44
146 50
146 56
146 63
146 99
146 106
146 146
146 147
146 149
146 158
146 175
146 192
146 195
146 206
146 285
146 333
146 336
146 406
146 422
146 446
146 505
146 602
146 620
146 622
146 640
146 647
146 663
146 664
146 685
146 693
146 733
146 779
146 841
147 1
147 10
147 50
147 55
147 56
147 65
147 83
147 94
147 97
147 99
147 106
147 146
147 147
147 148
147 149
147 158
147 171
147 175
147 184
147 192
147 195
147 206
147 211
147 238
147 285
147 314
147 333
147 336
147 406
147 422
147 425
147 505
147 602
147 606
147 620
147 622
147 628
147 638
147 640
147 664
147 682
147 779
147 841
147 852
147 859
147 868
147 920
147 947
147 957
148 147
148 158
148 195
148 406
148 422
148 640
149 1
149 50
149 106
149 146
149 147
149 149
149 158
149 171
149 175
149 182
149 184
149 195
149 206
149 252
149 285
149 314
149 336
149 406
149 467
149 493
149 505
149 599
149 606
149 620
149 622
149 640
149 685
149 779
149 808
149 818
149 859
150 151
151 151
152 10
152 175
152 176
153 154
155 104
155 134
155 135
155 136
155 137
155 138
155 557
156 157
158 1
158 50
158 56
158 99
158 106
158 146
158 147
158 148
158 149
158 158
158 175
158 184
158 192
158 195
158 206
158 252
158 285
158 301
158 314
158 333
158 336
158 406
158 422
158 425
158 467
158 505
158 599
158 618
158 640
158 673
158 676
158 778
158 779
158 794
158 818
158 838
158 841
158 859
158 929
159 160
160 160
160 314
160 515
160 599
160 673
160 992
162 163
162 187
162 676
163 104
163 287
163 673
163 849
163 911
164 143
165 143
166 167
167 86
167 166
167 167
167 186
167 217
167 240
167 263
167 299
167 301
167 314
167 350
167 372
167 392
167 397
167 435
167 452
167 457
167 459
167 467
167 468
167 509
167 510
167 522
167 536
167 563
167 589
167 599
167 663
167 744
167 794
167 803
167 808
167 818
167 852
167 941
167 968
167 972
167 973
168 169
170 171
171 1
171 5
171 10
171 65
171 66
171 147
171 149
171 171
171 175
171 184
171 330
171 467
171 693
171 726
171 788
171 859
171 868
171 882
171 902
171 957
171 980
172 173
174 173
175 1
175 3
175 10
175 30
175 34
175 35
175 41
175 52
175 56
175 68
175 79
175 97
175 106
175 107
175 134
175 146
175 147
175 149
175 158
175 171
175 175
175 178
175 192
175 195
175 198
175 200
175 206
175 211
175 212
175 233
175 275
175 277
175 285
175 287
175 309
175 310
175 313
175 328
175 336
175 346
175 387
175 406
175 422
175 446
175 447
175 485
175 500
175 505
175 510
175 512
175 566
175 602
175 620
175 640
175 663
175 664
175 671
175 685
175 693
175 704
175 760
175 772
175 775
175 779
175 784
175 808
175 818
175 841
175 859
175 907
175 911
175 919
175 920
175 957
177 178
177 289
177 290
178 20
178 68
178 175
178 178
178 366
178 387
178 434
178 435
178 439
178 447
178 500
178 510
178 538
178 668
178 671
178 724
178 766
178 818
178 934
178 935
178 939
178 996
179 180
181 160
181 182
181 188
182 10
182 20
182 22
182 192
182 240
182 256
182 259
182 264
182 301
182 302
182 314
182 327
182 336
182 366
182 397
182 406
182 417
182 438
182 440
182 441
182 452
182 467
182 500
182 510
182 512
182 536
182 599
182 604
182 626
182 673
182 722
182 773
182 801
182 818
182 838
182 881
182 972
183 184
184 1
184 147
184 149
184 158
184 184
184 206
184 336
184 859
184 920
184 957
185 186
186 10
186 65
186 68
186 97
186 167
186 182
186 185
186 186
186 192
186 207
186 217
186 240
186 248
186 264
186 290
186 292
186 301
186 332
186 360
186 366
186 392
186 406
186 431
186 433
186 442
186 467
186 479
186 500
186 512
186 518
186 536
186 538
186 631
186 668
186 693
186 765
186 775
186 808
186 818
186 862
186 868
186 872
186 874
186 918
186 929
187 8
187 162
187 313
187 532
187 634
187 657
187 777
189 190
191 192
192 10
192 22
192 50
192 55
192 56
192 63
192 65
192 68
192 79
192 83
192 97
192 99
192 109
192 146
192 147
192 158
192 175
192 182
192 186
192 192
192 195
192 202
192 203
192 206
192 211
192 240
192 256
192 283
192 287
192 289
192 290
192 301
192 302
192 314
192 325
192 333
192 336
192 337
192 338
192 366
192 389
192 406
192 421
192 422
192 425
192 435
192 440
192 452
192 467
192 500
192 505
192 510
192 515
192 516
192 536
192 538
192 557
192 580
192 599
192 601
192 602
192 620
192 622
192 638
192 640
192 663
192 664
192 668
192 681
192 682
192 693
192 702
192 779
192 780
192 794
192 808
192 818
192 838
192 841
192 843
192 872
192 920
192 937
192 939
192 947
192 949
192 991
192 998
193 52
194 195
195 1
195 10
195 44
195 50
195 56
195 146
195 147
195 148
195 149
195 158
195 175
195 192
195 195
195 206
195 285
195 314
195 336
195 356
195 406
195 425
195 440
195 505
195 599
195 602
195 620
195 622
195 640
195 681
195 701
195 779
195 794
195 818
195 838
195 841
196 52
197 52
197 198
199 81
199 135
199 137
199 200
199 215
199 227
199 230
199 233
199 289
199 290
199 304
199 328
199 372
199 417
199 431
199 592
199 704
199 714
199 760
199 932
200 30
200 104
200 134
200 135
200 138
200 175
200 200
200 215
200 248
200 364
200 442
200 502
200 557
200 632
200 677
200 693
200 715
200 772
200 911
200 953
201 160
201 202
201 203
201 206
202 10
202 50
202 63
202 79
202 192
202 202
202 203
202 217
202 251
202 252
202 275
202 314
202 333
202 336
202 356
202 389
202 406
202 425
202 440
202 493
202 505
202 516
202 535
202 599
202 620
202 622
202 638
202 663
202 664
202 668
202 671
202 673
202 685
202 693
202 701
202 713
202 733
202 794
202 818
202 826
202 843
202 849
202 911
203 63
203 192
203 202
203 203
203 251
203 252
203 275
203 333
203 425
203 460
203 465
203 493
203 516
203 638
203 663
203 701
203 826
203 843
203 911
204 205
205 205
206 1
206 10
206 146
206 147
206 149
206 158
206 175
206 184
206 206
206 336
206 406
206 505
206 622
206 841
206 957
207 11
207 20
207 22
207 65
207 182
207 186
207 207
207 259
207 287
207 299
207 314
207 326
207 338
207 347
207 356
207 392
207 397
207 424
207 425
207 433
207 452
207 457
207 535
207 599
207 663
207 668
207 673
207 676
207 702
207 752
207 818
207 849
207 873
207 874
207 911
207 918
208 209
209 192
209 256
209 314
209 397
209 440
209 452
209 457
209 599
209 673
209 676
209 685
209 843
209 849
209 852
209 929
210 211
211 175
211 192
211 211
211 240
211 327
211 356
211 440
211 441
211 500
211 510
211 685
211 718
211 794
211 849
211 911
211 949
212 52
214 215
215 81
215 215
215 373
215 502
215 503
215 590
215 704
215 715
216 217
217 187
217 217
218 219
219 218
219 219
220 138
221 222
222 10
222 19
222 34
222 35
222 83
222 187
222 217
222 222
222 278
222 283
222 313
222 379
222 389
222 404
222 452
222 455
222 477
222 536
222 562
222 599
222 634
222 657
222 781
222 814
222 852
222 891
222 923
222 929
222 949
223 224
225 30
225 104
225 134
225 135
225 137
225 211
225 225
225 226
225 248
225 288
225 364
225 431
225 462
225 557
225 599
225 636
225 772
225 850
225 943
225 954
225 989
226 225
228 83
229 81
231 4
231 5
231 94
232 3
232 233
232 347
232 932
233 10
233 41
233 42
233 134
233 175
233 233
233 289
233 290
233 328
233 372
233 457
233 510
233 589
233 677
233 685
233 704
233 714
233 911
233 966
234 235
236 10
236 236
237 52
237 175
238 147
238 333
238 622
239 240
240 34
240 35
240 49
240 50
240 68
240 104
240 120
240 167
240 182
240 186
240 192
240 211
240 217
240 240
240 248
240 255
240 261
240 264
240 289
240 290
240 301
240 314
240 332
240 372
240 387
240 390
240 392
240 397
240 406
240 413
240 435
240 444
240 452
240 457
240 467
240 495
240 500
240 510
240 512
240 515
240 535
240 536
240 586
240 590
240 592
240 599
240 611
240 631
240 673
240 676
240 677
240 685
240 693
240 715
240 784
240 805
240 808
240 818
240 819
240 823
240 849
240 872
240 973
241 83
242 1
242 20
242 48
242 63
242 72
242 81
242 86
242 107
242 130
242 135
242 137
242 146
242 149
242 151
242 163
242 182
242 184
242 192
242 207
242 209
242 247
242 250
242 251
242 252
242 254
242 256
242 258
242 259
242 262
242 264
242 272
242 273
242 274
242 275
242 278
242 280
242 283
242 289
242 290
242 299
242 302
242 305
242 306
242 307
242 309
242 310
242 313
242 314
242 315
242 326
242 337
242 338
242 347
242 352
242 356
242 406
242 581
242 626
242 647
242 668
242 736
242 805
242 843
242 852
242 861
242 893
242 920
242 934
242 972
243 26
243 59
244 245
246 30
247 10
247 247
248 30
248 104
248 134
248 248
248 249
248 314
248 364
248 450
248 457
248 557
248 599
248 714
248 772
248 850
249 248
251 10
251 63
251 202
251 203
251 251
251 252
251 275
251 316
251 318
251 425
251 446
251 457
251 460
251 464
251 465
251 493
251 516
251 599
251 682
251 685
251 733
251 911
251 920
252 63
252 65
252 106
252 147
252 149
252 158
252 202
252 203
252 251
252 252
252 275
252 314
252 316
252 318
252 336
252 406
252 457
252 465
252 493
252 516
252 599
252 622
252 682
252 685
252 733
252 911
252 920
253 254
253 349
253 596
253 605
254 104
254 134
254 254
254 503
254 557
254 636
254 704
254 715
254 772
254 953
254 954
255 10
255 22
255 86
255 186
255 240
255 255
255 450
255 534
255 563
255 693
255 818
255 911
256 11
256 65
256 86
256 192
256 209
256 256
256 259
256 283
256 299
256 314
256 333
256 336
256 349
256 352
256 360
256 392
256 439
256 442
256 444
256 457
256 497
256 505
256 512
256 557
256 567
256 575
256 622
256 623
256 668
256 673
256 676
256 685
256 702
256 715
256 764
256 775
256 801
256 838
256 841
256 843
256 849
256 852
256 900
256 918
256 968
256 972
256 991
256 992
256 999
259 1
259 11
259 20
259 126
259 182
259 207
259 256
259 259
259 272
259 314
259 336
259 356
259 393
259 397
259 439
259 440
259 452
259 457
259 483
259 538
259 577
259 599
259 668
259 673
259 676
259 685
259 690
259 726
259 788
259 794
259 838
259 843
259 849
259 852
259 859
259 902
259 911
259 929
259 972
259 980
260 261
261 41
261 68
261 120
261 240
261 261
261 301
261 332
261 333
261 372
261 373
261 390
261 446
261 590
261 599
261 615
261 631
261 677
261 685
261 694
261 784
261 805
261 818
261 849
261 852
261 875
261 903
261 968
263 167
264 104
264 111
264 182
264 186
264 192
264 217
264 240
264 248
264 264
264 290
264 292
264 301
264 314
264 397
264 440
264 457
264 467
264 509
264 510
264 685
264 714
264 808
264 838
264 843
264 872
264 992
265 187
266 267
268 269
269 269
269 467
269 693
270 271
271 271
272 259
272 272
272 290
272 346
272 447
272 467
272 538
272 673
272 685
272 690
272 693
272 726
272 794
272 849
272 859
272 911
272 921
272 980
273 273
273 274
273 446
274 273
274 274
275 10
275 175
275 202
275 203
275 252
275 275
275 277
275 279
275 314
275 360
275 446
275 493
275 516
275 599
275 622
275 733
275 794
276 277
276 279
278 19
278 34
278 35
278 54
278 217
278 222
278 278
278 313
278 338
278 379
278 389
278 425
278 431
278 455
278 536
278 571
278 599
278 634
278 657
278 660
278 685
278 818
278 838
278 852
278 903
278 949
278 951
279 275
279 277
280 280
281 282
283 34
283 35
283 54
283 192
283 222
283 256
283 283
283 313
283 389
283 397
283 455
283 536
283 814
283 951
284 285
285 72
285 99
285 146
285 158
285 175
285 195
285 285
285 336
285 391
285 392
285 406
285 422
285 438
285 602
285 620
285 622
285 640
285 644
285 654
285 779
285 841
285 875
285 918
285 944
286 287
287 106
287 140
287 175
287 207
287 287
287 301
287 314
287 326
287 347
287 349
287 392
287 433
287 440
287 446
287 457
287 510
287 663
287 664
287 673
287 685
287 702
287 733
287 794
287 809
287 818
287 824
287 874
287 911
287 937
288 225
288 248
288 450
289 40
289 41
289 104
289 192
289 272
289 289
289 290
289 304
289 328
289 372
289 510
289 609
289 631
289 632
289 677
289 685
289 704
289 714
289 715
289 760
289 784
291 292
292 5
292 11
292 15
292 58
292 107
292 111
292 186
292 227
292 256
292 292
292 314
292 338
292 349
292 373
292 397
292 420
292 441
292 442
292 446
292 457
292 461
292 462
292 487
292 495
292 502
292 509
292 510
292 518
292 535
292 595
292 599
292 626
292 673
292 677
292 685
292 693
292 703
292 745
292 746
292 749
292 794
292 801
292 805
292 846
292 849
292 852
292 872
292 911
292 973
292 978
293 294
294 240
294 328
294 431
294 617
294 631
294 634
294 772
294 784
294 797
294 805
294 838
295 296
296 296
296 314
297 298
298 41
298 104
298 135
298 175
298 240
298 289
298 290
298 298
298 417
298 425
298 446
298 534
298 589
298 612
298 626
298 631
298 636
298 693
298 715
298 784
298 818
298 862
298 932
299 86
299 167
299 299
299 314
299 349
299 356
299 372
299 397
299 425
299 452
299 459
299 528
299 563
299 599
299 663
299 676
299 744
299 783
299 803
299 838
299 849
299 907
299 929
299 940
299 941
299 972
299 973
300 301
301 11
301 34
301 35
301 37
301 46
301 68
301 106
301 126
301 158
301 167
301 182
301 186
301 192
301 217
301 240
301 261
301 264
301 287
301 301
301 302
301 314
301 372
301 392
301 397
301 435
301 444
301 452
301 457
301 467
301 468
301 510
301 516
301 525
301 536
301 563
301 567
301 599
301 604
301 605
301 615
301 631
301 632
301 663
301 677
301 698
301 717
301 765
301 808
301 812
301 818
301 838
301 849
301 868
301 872
301 937
301 968
301 972
301 973
302 182
302 192
302 301
302 302
302 314
302 433
302 452
302 457
302 467
302 599
302 673
302 808
302 818
302 849
302 868
302 872
303 207
303 255
303 843
304 40
304 104
304 135
304 138
304 289
304 290
304 304
304 328
304 372
304 444
304 446
304 518
304 631
304 685
304 714
304 715
304 784
304 801
304 968
307 147
307 306
307 682
308 151
308 309
308 310
309 10
309 175
309 309
309 310
309 483
309 693
309 880
310 310
311 312
312 87
312 104
312 111
312 182
312 314
312 358
312 420
312 457
312 509
312 510
312 590
312 604
312 615
312 875
312 929
313 3
313 10
313 19
313 34
313 35
313 83
313 175
313 217
313 222
313 278
313 283
313 313
313 314
313 379
313 389
313 392
313 431
313 446
313 455
313 536
313 589
313 599
313 634
313 660
313 685
313 693
313 781
313 784
313 849
313 852
313 911
313 949
314 3
314 11
314 20
314 22
314 34
314 35
314 56
314 65
314 68
314 83
314 86
314 97
314 106
314 120
314 140
314 146
314 149
314 158
314 160
314 167
314 182
314 192
314 195
314 202
314 207
314 209
314 240
314 248
314 252
314 259
314 264
314 272
314 275
314 287
314 292
314 296
314 299
314 301
314 302
314 312
314 314
314 333
314 336
314 346
314 349
314 356
314 372
314 379
314 392
314 393
314 397
314 406
314 417
314 433
314 435
314 440
314 441
314 442
314 447
314 452
314 455
314 467
314 479
314 493
314 495
314 502
314 505
314 510
314 516
314 534
314 536
314 538
314 592
314 599
314 615
314 622
314 623
314 631
314 663
314 673
314 677
314 685
314 687
314 690
314 693
314 697
314 710
314 712
314 760
314 764
314 775
314 779
314 788
314 801
314 809
314 818
314 843
314 849
314 852
314 868
314 872
314 874
314 900
314 911
314 918
314 920
314 934
314 949
314 968
314 972
314 980
315 20
315 178
315 315
315 346
315 434
315 447
315 538
315 671
315 833
315 996
316 251
316 252
316 318
316 516
317 318
318 252
318 314
318 516
319 320
321 320
322 323
324 323
325 192
325 202
325 203
325 333
325 336
325 422
325 516
325 602
326 22
326 68
326 207
326 287
326 326
326 347
326 381
326 390
326 424
326 433
326 579
326 623
326 693
326 702
326 703
326 752
326 808
326 818
326 845
326 868
326 873
326 874
326 908
326 955
327 30
327 97
327 104
327 134
327 135
327 182
327 215
327 217
327 240
327 248
327 328
327 372
327 406
327 435
327 440
327 457
327 467
327 509
327 510
327 557
327 622
327 693
327 794
327 809
327 953
328 10
328 30
328 97
328 104
328 134
328 135
328 136
328 175
328 200
328 211
328 233
328 248
328 289
328 290
328 294
328 304
328 327
328 328
328 364
328 557
328 588
328 590
328 621
328 622
328 636
328 693
328 704
328 714
328 760
328 772
328 864
328 876
328 898
328 903
328 950
328 953
328 990
329 330
330 5
330 171
330 330
330 957
331 332
332 68
332 104
332 120
332 134
332 240
332 248
332 261
332 323
332 331
332 332
332 372
332 373
332 390
332 413
332 431
332 446
332 536
332 557
332 631
332 680
332 685
332 715
332 781
332 784
332 794
332 805
332 823
332 838
332 862
333 1
333 10
333 11
333 44
333 50
333 56
333 99
333 106
333 146
333 147
333 158
333 192
333 195
333 202
333 238
333 240
333 256
333 261
333 314
333 325
333 333
333 336
333 337
333 406
333 422
333 439
333 457
333 469
333 505
333 585
333 586
333 599
333 602
333 621
333 622
333 640
333 663
333 664
333 779
333 818
333 841
333 843
333 849
333 920
333 939
334 335
336 1
336 10
336 11
336 50
336 56
336 79
336 99
336 106
336 126
336 146
336 147
336 149
336 158
336 175
336 182
336 192
336 195
336 202
336 203
336 206
336 252
336 256
336 259
336 285
336 314
336 325
336 333
336 336
336 337
336 397
336 406
336 422
336 425
336 438
336 452
336 457
336 497
336 500
336 505
336 512
336 516
336 586
336 599
336 602
336 620
336 622
336 638
336 640
336 663
336 664
336 668
336 673
336 676
336 685
336 733
336 778
336 779
336 794
336 818
336 838
336 841
336 843
336 849
336 852
336 857
336 900
336 920
336 929
336 972
336 998
337 106
337 192
337 333
337 336
337 337
337 397
337 440
337 446
337 505
337 586
337 602
337 638
337 663
337 664
337 685
337 794
337 838
337 852
337 911
337 937
338 34
338 35
338 107
338 111
338 138
338 192
338 207
338 256
338 278
338 292
338 309
338 310
338 535
338 668
338 673
338 745
338 783
338 872
338 911
339 340
341 342
343 344
344 58
344 256
344 344
344 685
344 733
344 911
345 346
346 20
346 240
346 272
346 346
346 435
346 439
346 447
346 538
346 670
346 671
346 673
346 698
346 714
346 795
346 911
346 934
346 939
346 996
347 207
347 287
347 326
347 347
347 751
347 752
347 873
347 874
348 349
349 34
349 35
349 192
349 256
349 287
349 292
349 314
349 349
349 356
349 433
349 509
349 510
349 623
349 673
349 685
349 809
349 818
349 849
349 852
349 872
349 875
349 911
349 919
350 167
350 676
351 336
352 510
353 353
354 355
355 4
355 5
355 355
355 527
356 32
356 68
356 83
356 147
356 195
356 202
356 203
356 207
356 211
356 248
356 278
356 287
356 299
356 314
356 326
356 336
356 347
356 349
356 356
356 390
356 392
356 452
356 462
356 505
356 516
356 563
356 595
356 599
356 615
356 631
356 634
356 690
356 704
356 712
356 762
356 788
356 801
356 843
356 852
356 872
356 873
356 900
356 911
356 940
356 968
356 972
357 358
358 22
358 312
358 358
358 389
358 509
358 510
358 525
358 779
358 875
359 360
360 256
360 275
360 314
360 397
360 452
360 599
360 673
360 676
360 762
360 849
360 911
360 929
361 362
363 364
363 431
363 634
364 30
364 135
364 138
364 200
364 225
364 248
364 328
364 364
364 431
364 450
364 557
364 609
364 694
364 715
364 772
364 784
364 850
364 943
364 944
364 999
365 366
366 10
366 109
366 178
366 182
366 186
366 192
366 211
366 366
366 452
366 500
366 510
366 718
366 872
366 929
367 366
368 366
369 366
370 366
371 366
372 24
372 71
372 104
372 120
372 134
372 135
372 167
372 227
372 233
372 240
372 261
372 289
372 290
372 299
372 301
372 304
372 314
372 327
372 332
372 372
372 373
372 390
372 397
372 400
372 431
372 444
372 446
372 452
372 502
372 572
372 588
372 589
372 590
372 599
372 612
372 631
372 636
372 661
372 693
372 694
372 714
372 715
372 794
372 805
372 818
372 849
372 852
372 932
373 26
373 59
373 104
373 134
373 135
373 211
373 215
373 261
373 292
373 294
373 298
373 310
373 332
373 372
373 417
373 431
373 440
373 557
373 588
373 590
373 631
373 636
373 714
373 760
373 805
373 862
373 932
373 943
374 366
375 376
377 366
378 233
379 19
379 222
379 278
379 283
379 313
379 379
379 380
379 385
379 389
379 401
379 404
379 536
379 634
379 657
379 685
379 852
379 911
380 379
380 536
381 326
382 383
384 366
385 8
385 19
385 54
385 83
385 283
385 379
385 385
385 455
385 536
385 657
385 660
385 976
386 68
386 387
386 390
387 68
387 175
387 178
387 240
387 356
387 387
387 390
387 431
387 838
387 852
387 985
388 3
388 389
388 425
388 457
388 466
388 467
388 509
388 510
388 623
388 663
388 673
388 685
388 693
388 838
388 852
389 3
389 19
389 34
389 35
389 63
389 83
389 192
389 202
389 203
389 222
389 240
389 278
389 283
389 313
389 358
389 379
389 388
389 389
389 404
389 477
389 509
389 510
389 536
389 634
389 660
389 680
389 692
389 693
389 814
389 818
389 868
389 873
389 874
389 875
389 911
389 949
390 72
390 240
390 261
390 298
390 326
390 356
390 372
390 387
390 390
390 400
390 417
390 431
390 440
390 494
390 511
390 522
390 534
390 573
390 589
390 599
390 631
390 679
390 685
390 693
390 781
390 782
390 783
390 794
390 808
390 818
390 852
391 32
391 285
391 392
391 599
391 644
391 779
391 809
391 918
392 1
392 34
392 35
392 87
392 126
392 167
392 186
392 192
392 217
392 240
392 256
392 285
392 287
392 301
392 314
392 356
392 392
392 397
392 406
392 433
392 440
392 452
392 457
392 467
392 509
392 510
392 535
392 599
392 623
392 657
392 752
392 779
392 808
392 809
392 818
392 838
392 849
392 852
392 872
392 919
393 259
393 272
393 314
393 346
393 393
393 394
393 395
393 446
393 498
393 523
393 577
393 599
393 726
393 766
393 788
393 794
393 838
393 902
393 980
394 393
396 397
397 1
397 15
397 20
397 22
397 68
397 83
397 126
397 167
397 182
397 192
397 207
397 209
397 240
397 259
397 261
397 292
397 299
397 314
397 336
397 337
397 396
397 397
397 420
397 425
397 441
397 452
397 457
397 479
397 481
397 493
397 500
397 505
397 509
397 510
397 512
397 516
397 534
397 535
397 538
397 577
397 581
397 604
397 631
397 668
397 673
397 676
397 677
397 733
397 764
397 779
397 808
397 818
397 838
397 843
397 849
397 868
397 872
397 911
397 918
397 920
397 950
397 969
397 972
398 399
399 398
399 399
399 536
399 635
399 650
400 372
400 390
401 379
402 58
402 403
402 586
402 693
403 402
403 403
403 693
404 222
404 379
404 389
405 406
406 1
406 20
406 30
406 50
406 56
406 79
406 99
406 106
406 146
406 147
406 149
406 158
406 175
406 182
406 186
406 192
406 195
406 202
406 203
406 206
406 217
406 240
406 285
406 301
406 314
406 333
406 336
406 406
406 410
406 435
406 440
406 452
406 502
406 505
406 516
406 536
406 585
406 599
406 602
406 620
406 622
406 640
406 733
406 766
406 778
406 779
406 808
406 818
406 838
406 841
406 920
407 408
408 102
408 407
408 518
408 655
408 852
409 328
409 704
409 705
410 406
410 779
411 376
412 163
413 240
413 332
413 818
414 415
414 673
414 893
415 87
415 770
415 911
415 996
416 417
417 10
417 41
417 182
417 255
417 298
417 373
417 390
417 417
417 534
417 557
417 589
417 599
417 626
417 631
417 632
417 677
417 685
417 693
417 714
417 715
417 765
417 784
417 818
417 838
417 849
417 852
417 862
417 911
417 970
418 344
419 420
420 420
421 56
421 79
421 192
421 422
421 994
422 1
422 56
422 79
422 146
422 147
422 148
422 149
422 175
422 192
422 285
422 314
422 333
422 336
422 421
422 422
422 602
422 620
422 645
422 841
422 849
422 852
423 424
424 287
424 326
424 424
424 702
424 873
424 874
425 3
425 37
425 46
425 50
425 56
425 68
425 79
425 81
425 83
425 97
425 126
425 147
425 158
425 178
425 192
425 195
425 202
425 203
425 225
425 240
425 251
425 283
425 285
425 287
425 289
425 290
425 294
425 298
425 299
425 301
425 304
425 315
425 326
425 332
425 333
425 337
425 372
425 388
425 390
425 406
425 425
425 433
425 439
425 444
425 455
425 459
425 489
425 493
425 500
425 510
425 516
425 588
425 589
425 590
425 592
425 609
425 615
425 620
425 623
425 631
425 682
425 694
425 704
425 714
425 717
425 744
425 752
425 765
425 775
425 779
425 783
425 795
425 818
425 841
425 843
425 862
425 873
425 907
425 911
425 919
425 947
425 968
425 980
425 992
426 427
428 312
429 430
430 26
430 59
430 852
431 41
431 58
431 68
431 130
431 134
431 135
431 137
431 186
431 225
431 240
431 261
431 278
431 294
431 313
431 332
431 363
431 364
431 372
431 373
431 390
431 431
431 442
431 444
431 446
431 518
431 557
431 589
431 590
431 612
431 631
431 676
431 677
431 693
431 715
431 761
431 775
431 784
431 797
431 800
431 805
431 823
431 852
431 949
431 989
432 433
432 571
433 22
433 34
433 35
433 207
433 287
433 314
433 326
433 349
433 392
433 432
433 433
433 440
433 467
433 599
433 623
433 673
433 794
433 818
433 872
433 874
433 918
434 65
434 315
434 346
434 435
434 447
434 571
434 622
434 671
434 868
434 934
435 20
435 178
435 182
435 240
435 301
435 302
435 315
435 327
435 346
435 406
435 434
435 435
435 439
435 440
435 447
435 467
435 510
435 516
435 538
435 622
435 663
435 671
435 766
435 794
435 868
435 872
435 920
435 934
435 939
435 950
435 996
436 302
437 438
438 65
438 149
438 182
438 336
438 439
438 497
438 505
438 622
438 766
438 779
439 20
439 34
439 35
439 178
439 256
439 259
439 315
439 333
439 346
439 435
439 439
439 440
439 447
439 538
439 577
439 599
439 622
439 671
439 676
439 724
439 766
439 818
439 838
439 903
439 934
439 939
439 950
440 20
440 34
440 35
440 68
440 97
440 195
440 202
440 211
440 264
440 302
440 314
440 327
440 328
440 337
440 373
440 392
440 406
440 457
440 467
440 479
440 516
440 536
440 621
440 622
440 631
440 673
440 693
440 697
440 710
440 794
440 809
440 818
440 837
440 872
440 903
440 907
440 911
440 920
440 939
440 950
440 972
441 58
441 87
441 107
441 111
441 182
441 211
441 256
441 264
441 292
441 314
441 356
441 360
441 397
441 441
441 442
441 452
441 457
441 467
441 500
441 502
441 510
441 535
441 572
441 599
441 609
441 626
441 673
441 676
441 685
441 745
441 749
441 794
441 801
441 808
441 838
441 843
441 849
441 852
441 872
441 911
441 929
441 953
441 999
442 58
442 107
442 136
442 186
442 200
442 217
442 256
442 292
442 314
442 441
442 442
442 557
442 599
442 609
442 626
442 631
442 784
442 794
442 849
442 852
442 972
442 999
443 444
444 46
444 240
444 256
444 301
444 304
444 314
444 372
444 431
444 443
444 444
444 459
444 518
444 534
444 567
444 568
444 569
444 604
444 615
444 663
444 698
444 744
444 775
444 783
444 852
444 877
444 937
444 968
444 973
445 130
446 1
446 5
446 10
446 22
446 30
446 32
446 50
446 56
446 59
446 68
446 71
446 83
446 106
446 134
446 136
446 137
446 146
446 147
446 175
446 200
446 251
446 261
446 272
446 273
446 275
446 287
446 292
446 298
446 304
446 313
446 328
446 332
446 336
446 360
446 372
446 390
446 393
446 397
446 417
446 431
446 447
446 489
446 500
446 577
446 595
446 604
446 605
446 609
446 615
446 626
446 631
446 644
446 663
446 664
446 671
446 682
446 685
446 693
446 694
446 697
446 698
446 702
446 704
446 726
446 746
446 749
446 752
446 772
446 775
446 788
446 809
446 818
446 841
446 850
446 862
446 874
446 875
446 911
446 919
446 932
446 937
446 968
446 972
446 973
446 991
446 996
446 999
447 20
447 175
447 272
447 314
447 315
447 346
447 434
447 435
447 439
447 447
447 538
447 671
447 766
447 788
447 849
447 911
447 934
447 939
447 996
448 240
449 450
450 136
450 225
450 248
450 255
450 288
450 328
450 364
450 449
450 450
450 563
450 630
450 850
450 953
451 452
451 918
452 20
452 97
452 126
452 167
452 182
452 192
452 222
452 240
452 256
452 259
452 292
452 301
452 302
452 336
452 352
452 360
452 366
452 392
452 397
452 406
452 441
452 452
452 457
452 462
452 467
452 479
452 497
452 505
452 510
452 512
452 516
452 534
452 536
452 567
452 604
452 623
452 640
452 658
452 673
452 676
452 685
452 693
452 697
452 704
452 712
452 764
452 801
452 818
452 838
452 843
452 872
452 874
452 911
452 918
452 972
453 454
455 34
455 35
455 54
455 83
455 182
455 217
455 222
455 278
455 283
455 313
455 314
455 389
455 401
455 455
455 462
455 470
455 535
455 536
455 537
455 581
455 599
455 612
455 657
455 676
455 808
455 814
455 818
455 843
455 923
455 949
455 951
456 457
457 1
457 10
457 20
457 34
457 35
457 126
457 167
457 186
457 195
457 207
457 209
457 233
457 251
457 252
457 256
457 259
457 264
457 287
457 301
457 302
457 333
457 336
457 388
457 392
457 397
457 440
457 441
457 452
457 456
457 457
457 467
457 500
457 505
457 510
457 534
457 535
457 536
457 567
457 604
457 657
457 658
457 673
457 676
457 693
457 715
457 733
457 794
457 801
457 808
457 809
457 818
457 838
457 843
457 852
457 862
457 872
457 875
457 911
457 918
457 919
457 972
458 459
459 167
459 299
459 444
459 458
459 459
459 569
459 744
459 783
459 815
460 202
460 203
460 251
461 79
461 292
461 462
462 111
462 186
462 292
462 356
462 420
462 452
462 455
462 467
462 626
462 872
463 464
463 465
464 251
464 465
465 251
465 252
465 318
465 465
466 34
466 66
466 211
466 272
466 392
466 433
466 440
466 467
466 479
466 515
466 516
466 536
466 868
466 872
467 10
467 34
467 65
467 66
467 68
467 79
467 97
467 126
467 158
467 167
467 171
467 186
467 211
467 217
467 240
467 252
467 264
467 269
467 272
467 301
467 314
467 326
467 327
467 337
467 349
467 388
467 397
467 433
467 435
467 439
467 440
467 466
467 467
467 479
467 495
467 497
467 510
467 516
467 535
467 536
467 599
467 673
467 685
467 693
467 818
467 843
467 868
467 872
467 881
467 911
467 920
467 939
467 950
467 973
468 167
469 192
469 333
469 337
469 663
469 664
470 455
471 63
472 473
473 685
474 467
475 259
476 477
477 83
477 389
477 476
477 477
477 536
478 264
478 479
479 186
479 440
479 452
479 479
479 510
479 535
479 872
480 481
481 256
481 397
481 481
481 567
481 581
481 668
481 685
481 713
481 911
482 298
483 259
483 309
483 310
483 483
483 714
483 718
484 485
485 10
485 97
485 175
485 485
485 685
485 693
485 704
485 841
486 202
486 203
486 206
487 292
488 163
488 209
488 340
488 489
489 356
489 425
489 489
489 673
489 685
489 811
489 849
489 861
489 911
490 491
491 491
491 872
492 493
493 10
493 20
493 63
493 149
493 192
493 202
493 203
493 252
493 314
493 406
493 492
493 493
493 516
493 599
493 663
493 682
493 685
493 733
493 911
493 920
493 998
494 390
495 65
495 66
495 217
495 240
495 292
495 314
495 467
495 536
495 868
496 497
497 136
497 256
497 336
497 452
497 455
497 457
497 496
497 497
497 505
497 668
497 673
497 712
497 713
497 825
497 843
497 862
497 911
499 500
499 808
500 10
500 109
500 175
500 178
500 182
500 186
500 192
500 211
500 240
500 366
500 397
500 500
500 512
500 676
500 693
500 718
500 784
500 808
500 818
500 875
500 911
500 918
501 364
501 595
502 28
502 30
502 104
502 107
502 111
502 119
502 134
502 143
502 200
502 215
502 227
502 264
502 290
502 292
502 314
502 372
502 406
502 441
502 442
502 503
502 631
502 636
502 704
502 714
502 784
502 805
503 81
503 104
503 120
503 215
503 227
503 254
503 502
503 503
503 631
503 704
504 505
504 581
505 1
505 50
505 99
505 106
505 146
505 147
505 149
505 158
505 175
505 186
505 192
505 195
505 202
505 206
505 256
505 285
505 314
505 333
505 336
505 337
505 397
505 406
505 452
505 457
505 493
505 497
505 505
505 585
505 586
505 602
505 622
505 640
505 663
505 664
505 668
505 673
505 676
505 685
505 733
505 779
505 818
505 820
505 838
505 841
505 849
505 920
505 991
506 106
507 298
508 485
509 3
509 32
509 140
509 167
509 264
509 292
509 312
509 327
509 349
509 358
509 389
509 392
509 509
509 510
509 535
509 599
509 663
509 673
509 676
509 685
509 697
509 770
509 779
509 794
509 809
509 822
509 838
509 843
509 849
509 852
509 872
509 875
509 903
510 3
510 10
510 11
510 32
510 72
510 87
510 97
510 111
510 126
510 140
510 167
510 175
510 178
510 182
510 192
510 211
510 240
510 248
510 264
510 287
510 289
510 290
510 292
510 301
510 302
510 312
510 314
510 327
510 349
510 352
510 358
510 360
510 366
510 388
510 389
510 392
510 397
510 425
510 435
510 441
510 452
510 457
510 467
510 479
510 509
510 510
510 512
510 515
510 516
510 525
510 534
510 535
510 536
510 595
510 599
510 622
510 631
510 663
510 664
510 673
510 676
510 693
510 697
510 723
510 725
510 769
510 770
510 779
510 794
510 795
510 809
510 818
510 822
510 838
510 843
510 849
510 852
510 872
510 875
510 903
510 929
510 972
510 992
511 390
512 10
512 20
512 106
512 175
512 182
512 186
512 222
512 256
512 259
512 299
512 336
512 389
512 397
512 452
512 457
512 499
512 500
512 509
512 510
512 512
512 513
512 533
512 586
512 589
512 599
512 676
512 685
512 693
512 718
512 755
512 808
512 838
512 843
512 894
512 911
512 929
512 972
513 292
514 515
515 58
515 87
515 160
515 192
515 217
515 240
515 420
515 467
515 509
515 510
515 515
515 818
515 872
516 20
516 63
516 68
516 97
516 192
516 202
516 203
516 240
516 251
516 252
516 314
516 316
516 318
516 397
516 406
516 435
516 440
516 452
516 457
516 465
516 467
516 493
516 516
516 517
516 538
516 586
516 599
516 622
516 673
516 733
516 766
516 779
516 794
516 818
516 838
516 841
516 920
517 516
518 37
518 102
518 106
518 186
518 292
518 304
518 372
518 408
518 431
518 444
518 518
518 519
518 534
518 567
518 615
518 626
518 693
518 775
518 911
520 518
521 415
522 167
522 390
522 745
522 783
524 312
524 525
525 301
525 358
525 510
526 527
527 740
527 741
527 743
528 151
528 299
528 832
529 83
529 233
530 531
532 187
533 292
534 10
534 41
534 46
534 58
534 298
534 314
534 390
534 397
534 406
534 417
534 431
534 444
534 452
534 457
534 535
534 573
534 589
534 599
534 604
534 631
534 632
534 676
534 677
534 720
534 784
534 821
534 849
534 862
534 968
535 10
535 126
535 202
535 207
535 240
535 248
535 292
535 299
535 336
535 338
535 392
535 397
535 441
535 452
535 455
535 457
535 467
535 479
535 534
535 535
535 536
535 592
535 604
535 631
535 676
535 693
535 733
535 801
535 808
535 818
535 843
535 849
535 868
535 872
535 900
535 911
535 918
535 919
535 972
536 34
536 35
536 83
536 186
536 192
536 217
536 222
536 240
536 256
536 278
536 283
536 313
536 314
536 332
536 379
536 385
536 389
536 399
536 440
536 452
536 455
536 457
536 466
536 467
536 477
536 495
536 536
536 589
536 599
536 657
536 781
536 794
536 818
536 838
536 849
536 852
536 872
536 891
536 927
536 949
536 951
537 134
537 313
537 431
537 455
538 20
538 178
538 186
538 259
538 272
538 314
538 315
538 346
538 435
538 439
538 440
538 447
538 467
538 538
538 599
538 671
538 673
538 766
538 794
538 868
538 934
538 939
538 996
539 104
539 134
539 135
539 137
540 541
542 543
544 34
544 35
544 222
544 545
546 547
548 549
550 551
552 553
554 555
556 557
557 104
557 107
557 135
557 136
557 137
557 138
557 225
557 248
557 254
557 332
557 557
557 612
557 636
557 685
557 715
557 784
557 850
557 852
557 953
557 954
558 559
560 561
562 10
562 44
562 50
562 56
562 79
562 146
562 147
562 158
562 178
562 182
562 192
562 195
562 206
562 222
562 256
562 285
562 333
562 406
562 422
562 434
562 435
562 439
562 447
562 535
562 538
562 563
562 585
562 602
562 620
562 622
562 638
562 640
562 671
562 704
562 766
562 779
562 841
562 920
562 939
562 972
563 86
563 97
563 167
563 255
563 256
563 301
563 356
563 446
563 450
563 563
563 567
563 609
563 668
563 693
563 750
563 818
563 904
563 941
563 972
564 10
564 565
566 10
566 52
566 175
566 693
567 37
567 46
567 192
567 256
567 301
567 444
567 452
567 457
567 481
567 505
567 518
567 563
567 567
567 604
567 605
567 615
567 663
567 664
567 665
567 668
567 676
567 698
567 717
567 762
567 783
567 812
567 849
567 877
567 900
567 937
567 941
567 968
567 972
568 444
569 301
569 444
569 459
569 968
570 571
571 79
571 252
571 272
571 278
571 302
571 349
571 388
571 392
571 422
571 432
571 433
571 434
571 435
571 516
571 536
571 571
571 689
571 765
571 868
572 104
572 111
572 312
572 372
572 441
572 442
572 518
572 631
572 676
572 714
572 720
572 801
572 805
573 41
573 137
573 390
573 534
573 535
573 573
573 588
573 589
573 590
573 626
573 784
573 862
573 966
574 575
575 87
575 256
575 599
575 685
575 852
575 875
576 577
577 259
577 272
577 393
577 397
577 439
577 446
577 577
577 676
577 685
577 715
577 726
577 788
577 818
577 852
577 859
577 863
577 902
577 980
578 147
578 579
579 326
579 589
579 599
580 107
580 130
580 149
580 250
580 305
580 338
580 581
580 852
580 934
580 972
581 397
581 481
581 581
581 591
581 668
581 713
581 843
581 911
582 583
584 50
584 79
584 393
584 406
584 493
584 585
584 586
584 592
584 704
586 106
586 107
586 240
586 333
586 337
586 402
586 505
586 512
586 516
586 586
586 587
586 637
586 638
586 663
586 664
586 779
586 818
586 847
587 586
588 588
588 590
589 34
589 35
589 58
589 167
589 272
589 287
589 298
589 301
589 313
589 390
589 417
589 512
589 534
589 536
589 573
589 579
589 589
589 612
589 631
589 693
589 765
589 775
589 782
589 784
589 788
589 795
589 838
589 862
589 894
589 968
589 992
590 41
590 68
590 104
590 120
590 134
590 215
590 289
590 290
590 298
590 301
590 372
590 425
590 588
590 590
590 631
590 640
590 694
590 704
590 714
590 760
590 784
590 805
590 838
591 581
592 289
592 592
592 704
592 818
593 483
594 595
595 10
595 87
595 292
595 314
595 509
595 510
595 595
595 673
595 852
595 872
595 996
596 104
596 111
596 328
596 557
596 596
596 597
596 600
596 617
596 715
596 772
596 784
598 264
598 304
598 599
599 11
599 20
599 22
599 34
599 35
599 41
599 65
599 68
599 83
599 104
599 106
599 140
599 149
599 158
599 167
599 182
599 186
599 192
599 202
599 203
599 207
599 209
599 215
599 222
599 225
599 240
599 248
599 252
599 259
599 261
599 264
599 275
599 278
599 287
599 299
599 301
599 302
599 313
599 314
599 318
599 333
599 336
599 349
599 356
599 360
599 372
599 379
599 391
599 392
599 393
599 397
599 406
599 408
599 417
599 433
599 439
599 441
599 442
599 455
599 467
599 493
599 510
599 512
599 516
599 534
599 536
599 538
599 599
599 604
599 622
599 631
599 676
599 682
599 690
599 693
599 697
599 710
599 712
599 714
599 752
599 764
599 765
599 775
599 779
599 801
599 809
599 811
599 818
599 838
599 843
599 852
599 861
599 868
599 872
599 873
599 900
599 911
599 918
599 920
599 949
599 968
599 972
599 980
600 596
601 79
601 192
602 1
602 56
602 79
602 99
602 146
602 147
602 175
602 192
602 195
602 285
602 314
602 325
602 333
602 336
602 337
602 406
602 422
602 505
602 602
602 603
602 607
602 620
602 622
602 633
602 638
602 645
602 695
602 700
602 701
602 779
602 841
602 848
602 849
602 920
603 602
604 37
604 126
604 182
604 299
604 301
604 312
604 397
604 444
604 446
604 452
604 457
604 535
604 563
604 567
604 599
604 604
604 605
604 615
604 673
604 676
604 698
604 717
604 750
604 762
604 812
604 843
604 929
604 937
604 968
604 972
605 10
605 301
605 446
605 567
605 604
605 605
605 615
605 663
605 664
605 717
605 968
606 147
606 149
606 171
606 184
606 859
607 602
608 360
609 10
609 94
609 104
609 107
609 138
609 290
609 292
609 364
609 441
609 442
609 563
609 609
609 610
609 626
609 636
609 677
609 693
609 749
609 765
609 784
609 805
609 849
609 852
609 966
609 968
609 969
610 609
611 240
611 611
611 612
611 852
612 41
612 68
612 104
612 298
612 309
612 310
612 332
612 338
612 372
612 417
612 431
612 455
612 534
612 557
612 589
612 626
612 631
612 636
612 714
612 801
612 805
612 862
612 953
613 11
614 202
614 203
614 206
615 10
615 37
615 261
615 301
615 312
615 314
615 356
615 444
615 518
615 567
615 604
615 605
615 615
615 616
615 677
615 685
615 693
615 698
615 783
615 794
615 818
615 838
615 852
615 937
615 968
615 972
616 615
617 135
617 294
617 304
617 596
617 660
617 784
618 158
618 240
619 620
620 1
620 50
620 79
620 99
620 106
620 146
620 147
620 149
620 158
620 175
620 192
620 202
620 285
620 336
620 406
620 422
620 602
620 620
620 647
620 663
620 664
620 701
620 779
620 841
621 104
621 264
621 333
621 440
621 622
621 682
621 794
621 805
622 30
622 50
622 79
622 104
622 147
622 149
622 158
622 192
622 195
622 202
622 203
622 206
622 252
622 256
622 285
622 314
622 328
622 333
622 336
622 406
622 435
622 438
622 439
622 440
622 452
622 467
622 505
622 510
622 516
622 602
622 622
622 640
622 671
622 760
622 779
622 794
622 808
622 809
622 841
622 862
622 929
623 32
623 34
623 35
623 87
623 256
623 313
623 314
623 326
623 349
623 388
623 392
623 397
623 424
623 425
623 433
623 452
623 457
623 577
623 623
623 624
623 658
623 661
623 673
623 676
623 685
623 693
623 697
623 794
623 808
623 809
623 818
623 852
623 903
623 911
623 918
623 919
624 623
625 626
626 10
626 58
626 111
626 182
626 292
626 298
626 441
626 442
626 446
626 462
626 497
626 518
626 609
626 626
626 632
626 676
626 685
626 749
626 801
626 818
626 838
626 849
626 852
626 862
626 911
627 20
627 182
627 628
628 10
628 147
628 638
629 160
629 182
629 188
630 450
630 818
631 40
631 41
631 68
631 71
631 104
631 186
631 240
631 248
631 261
631 289
631 290
631 294
631 298
631 301
631 304
631 314
631 356
631 372
631 373
631 397
631 417
631 425
631 431
631 442
631 502
631 510
631 534
631 535
631 588
631 589
631 590
631 599
631 612
631 631
631 632
631 677
631 714
631 715
631 760
631 761
631 784
631 794
631 797
631 805
631 808
631 823
631 838
631 843
631 852
631 862
631 968
631 972
631 973
632 22
632 104
632 200
632 289
632 290
632 301
632 417
632 442
632 534
632 599
632 626
632 631
632 714
632 760
632 794
632 805
632 862
633 422
633 602
634 10
634 19
634 34
634 35
634 83
634 175
634 294
634 313
634 363
634 379
634 385
634 389
634 477
634 634
634 635
634 685
634 693
634 805
634 852
635 399
635 634
635 891
635 949
636 104
636 134
636 135
636 136
636 138
636 200
636 225
636 248
636 254
636 290
636 298
636 364
636 372
636 373
636 457
636 502
636 557
636 609
636 612
636 631
636 636
636 677
636 685
636 714
636 715
636 784
636 805
636 953
637 586
639 640
640 1
640 10
640 50
640 97
640 99
640 106
640 146
640 147
640 148
640 149
640 158
640 175
640 184
640 192
640 195
640 285
640 333
640 336
640 406
640 452
640 505
640 588
640 590
640 640
640 663
640 676
640 779
640 808
640 841
640 929
640 957
641 581
642 473
643 644
644 32
644 285
644 344
644 535
644 779
644 808
644 872
644 891
645 184
645 422
645 602
645 620
646 647
647 106
647 146
647 620
647 647
647 663
647 664
648 649
649 649
650 399
650 682
651 652
652 652
653 3
653 654
654 653
655 408
656 34
656 35
656 657
657 8
657 34
657 35
657 187
657 217
657 222
657 278
657 313
657 379
657 385
657 389
657 399
657 455
657 457
657 536
657 632
657 656
657 657
657 814
657 949
657 951
658 87
658 457
658 623
658 919
659 54
659 660
659 692
659 706
659 754
659 912
660 19
660 54
660 135
660 222
660 278
660 313
660 385
660 389
660 401
660 634
660 660
660 692
660 706
660 754
660 781
660 784
660 912
661 372
661 623
661 818
661 919
662 663
662 664
663 37
663 56
663 86
663 106
663 146
663 158
663 167
663 175
663 192
663 202
663 203
663 207
663 251
663 287
663 299
663 301
663 314
663 333
663 336
663 337
663 435
663 446
663 469
663 505
663 509
663 510
663 567
663 586
663 615
663 620
663 640
663 647
663 662
663 663
663 664
663 685
663 693
663 698
663 702
663 717
663 720
663 788
663 809
663 852
663 874
663 875
663 907
663 911
663 918
663 932
663 937
663 947
663 968
663 972
663 973
665 666
665 744
665 750
665 762
666 665
666 750
666 762
666 854
667 668
668 11
668 15
668 20
668 102
668 146
668 178
668 186
668 207
668 256
668 259
668 336
668 338
668 397
668 481
668 497
668 505
668 516
668 567
668 581
668 611
668 622
668 667
668 668
668 673
668 676
668 685
668 690
668 712
668 713
668 717
668 750
668 762
668 799
668 838
668 841
668 843
668 849
668 859
668 911
668 918
668 972
668 992
669 360
670 346
670 671
671 10
671 20
671 175
671 178
671 315
671 346
671 434
671 435
671 439
671 446
671 447
671 538
671 622
671 670
671 671
671 673
671 676
671 685
671 693
671 911
671 934
671 939
671 996
672 673
673 11
673 20
673 22
673 68
673 86
673 120
673 158
673 160
673 167
673 182
673 202
673 203
673 207
673 209
673 240
673 256
673 259
673 287
673 292
673 302
673 314
673 336
673 338
673 346
673 356
673 360
673 388
673 397
673 414
673 433
673 440
673 441
673 446
673 452
673 462
673 467
673 489
673 497
673 500
673 505
673 509
673 516
673 534
673 538
673 599
673 604
673 615
673 622
673 626
673 631
673 668
673 672
673 676
673 685
673 690
673 693
673 694
673 697
673 704
673 710
673 764
673 775
673 794
673 801
673 809
673 818
673 849
673 872
673 893
673 911
673 918
673 920
673 929
673 972
674 83
674 675
676 20
676 32
676 68
676 87
676 130
676 158
676 207
676 240
676 259
676 261
676 299
676 336
676 390
676 397
676 431
676 439
676 441
676 505
676 509
676 534
676 535
676 567
676 577
676 604
676 623
676 626
676 640
676 673
676 676
676 677
676 685
676 697
676 764
676 779
676 801
676 809
676 838
676 849
676 911
676 920
676 929
676 972
677 10
677 30
677 35
677 41
677 47
677 68
677 72
677 81
677 85
677 104
677 107
677 111
677 116
677 120
677 134
677 135
677 136
677 137
677 138
677 151
677 167
677 188
677 200
677 211
677 215
677 217
677 225
677 227
677 233
677 240
677 248
677 254
677 258
677 261
677 264
677 289
677 290
677 292
677 294
677 298
677 301
677 304
677 312
677 314
677 323
677 328
677 332
677 364
677 372
677 383
677 390
677 392
677 397
677 406
677 417
677 420
677 431
677 442
677 450
677 455
677 479
677 503
677 518
677 525
677 534
677 557
677 588
677 589
677 590
677 592
677 596
677 609
677 615
677 626
677 631
677 636
677 676
677 694
677 704
677 714
677 749
677 760
677 772
677 784
677 801
677 805
677 818
677 838
677 850
677 862
677 872
677 943
677 953
677 954
677 968
678 4
678 5
679 390
680 389
681 79
681 149
681 195
682 1
682 83
682 106
682 107
682 147
682 192
682 251
682 252
682 306
682 307
682 493
682 516
682 599
682 621
682 650
682 682
682 683
682 685
682 693
682 733
682 852
682 911
682 998
683 307
683 682
684 685
684 827
685 30
685 32
685 37
685 41
685 63
685 71
685 83
685 87
685 102
685 107
685 134
685 146
685 147
685 149
685 158
685 175
685 200
685 202
685 207
685 211
685 240
685 248
685 251
685 252
685 256
685 259
685 261
685 264
685 272
685 278
685 287
685 289
685 290
685 292
685 301
685 304
685 313
685 314
685 332
685 344
685 349
685 356
685 379
685 388
685 417
685 440
685 441
685 446
685 452
685 462
685 467
685 481
685 485
685 489
685 493
685 509
685 512
685 516
685 536
685 557
685 575
685 577
685 599
685 609
685 615
685 623
685 626
685 636
685 663
685 664
685 668
685 671
685 676
685 682
685 684
685 685
685 690
685 693
685 694
685 702
685 704
685 712
685 726
685 733
685 772
685 775
685 787
685 794
685 805
685 809
685 818
685 827
685 838
685 841
685 843
685 849
685 852
685 862
685 872
685 900
685 911
685 918
685 929
685 949
685 972
685 973
685 980
685 991
686 687
688 626
689 163
689 467
689 571
689 690
689 788
689 868
690 259
690 314
690 356
690 446
690 599
690 668
690 673
690 685
690 689
690 690
690 788
690 796
690 849
690 852
690 859
691 32
691 87
691 392
691 697
691 872
692 389
692 660
693 1
693 5
693 10
693 30
693 68
693 71
693 81
693 83
693 97
693 106
693 135
693 175
693 192
693 200
693 272
693 287
693 292
693 298
693 313
693 328
693 372
693 389
693 390
693 393
693 397
693 402
693 403
693 417
693 431
693 467
693 485
693 510
693 512
693 535
693 557
693 563
693 589
693 631
693 663
693 664
693 671
693 673
693 682
693 685
693 693
693 694
693 697
693 704
693 746
693 809
693 818
693 841
693 862
693 868
693 873
693 874
693 911
693 937
693 968
693 972
693 973
694 41
694 68
694 120
694 261
694 314
694 364
694 372
694 446
694 575
694 588
694 589
694 590
694 631
694 673
694 677
694 685
694 693
694 694
694 715
694 749
694 795
694 805
694 862
694 875
694 911
694 949
696 697
697 207
697 314
697 356
697 440
697 452
697 509
697 510
697 599
697 623
697 673
697 676
697 697
697 809
697 818
697 838
697 852
697 868
697 872
697 911
697 919
698 37
698 346
698 444
698 446
698 567
698 604
698 663
698 685
698 698
698 699
698 717
698 762
698 936
698 937
698 938
699 698
700 602
701 195
701 202
701 203
701 602
701 620
702 192
702 256
702 326
702 663
702 685
702 693
702 702
702 703
702 873
702 874
702 991
703 87
703 292
703 702
703 852
704 10
704 30
704 81
704 175
704 215
704 233
704 254
704 289
704 290
704 328
704 452
704 485
704 502
704 503
704 588
704 590
704 592
704 673
704 677
704 685
704 693
704 704
704 705
704 714
704 760
704 797
704 805
704 843
704 849
704 852
704 911
706 660
707 707
707 708
707 867
707 875
708 707
709 710
710 11
710 20
710 87
710 314
710 397
710 440
710 452
710 457
710 500
710 599
710 673
710 676
711 48
712 356
712 452
712 497
712 599
712 668
712 713
712 843
713 481
713 581
713 668
713 712
713 713
713 911
714 24
714 104
714 240
714 264
714 289
714 290
714 304
714 314
714 328
714 346
714 372
714 373
714 441
714 483
714 502
714 534
714 588
714 590
714 599
714 612
714 631
714 677
714 704
714 714
714 715
714 760
714 797
714 805
714 862
715 41
715 48
715 68
715 87
715 104
715 107
715 130
715 134
715 135
715 138
715 167
715 200
715 215
715 225
715 227
715 240
715 248
715 254
715 256
715 264
715 289
715 290
715 298
715 304
715 312
715 323
715 332
715 364
715 372
715 417
715 431
715 442
715 457
715 557
715 577
715 609
715 631
715 636
715 649
715 694
715 714
715 749
715 760
715 784
715 801
715 805
715 818
715 862
715 872
715 932
715 943
715 999
716 717
717 37
717 301
717 444
717 567
717 604
717 615
717 663
717 664
717 668
717 698
717 716
717 717
717 937
717 968
718 54
718 109
718 211
718 310
718 366
718 500
718 512
718 719
718 738
718 786
718 830
718 847
718 893
718 929
719 718
720 106
720 534
720 720
720 721
720 877
720 907
720 937
720 972
720 973
721 720
721 907
722 182
723 509
723 510
723 872
724 178
724 439
725 510
725 818
726 10
726 65
726 171
726 259
726 272
726 393
726 446
726 577
726 685
726 726
726 727
726 788
726 859
726 868
726 897
726 902
726 980
727 726
728 120
729 364
729 431
730 20
730 86
730 481
730 644
730 731
731 731
732 1
732 493
732 733
733 1
733 146
733 202
733 251
733 252
733 275
733 287
733 336
733 344
733 397
733 406
733 493
733 505
733 516
733 535
733 682
733 685
733 693
733 732
733 733
733 809
733 841
733 849
733 911
733 920
734 138
735 736
736 160
736 626
736 673
736 736
737 140
737 264
737 338
739 4
739 5
739 527
739 740
739 741
739 743
742 527
742 743
743 4
743 5
743 355
743 527
743 741
743 743
744 46
744 167
744 299
744 444
744 459
744 522
744 567
744 665
744 744
744 783
744 852
744 968
744 973
745 15
745 107
745 292
745 338
745 441
745 446
745 462
745 632
745 668
745 745
745 849
745 872
745 910
746 292
746 446
746 745
747 4
747 5
747 527
747 740
747 741
747 743
747 827
748 749
748 818
749 58
749 107
749 111
749 292
749 441
749 442
749 609
749 694
749 749
749 784
749 795
749 801
749 818
749 911
751 347
751 752
752 22
752 207
752 287
752 326
752 347
752 425
752 433
752 457
752 599
752 673
752 751
752 752
752 818
752 873
752 874
752 968
753 255
754 660
756 298
757 758
759 485
760 10
760 41
760 104
760 108
760 111
760 175
760 289
760 290
760 314
760 328
760 373
760 431
760 479
760 588
760 590
760 622
760 631
760 632
760 638
760 677
760 685
760 704
760 714
760 715
760 760
760 761
760 784
760 791
760 805
761 104
761 111
761 136
761 137
761 431
761 525
761 588
761 590
761 631
761 760
761 805
761 818
762 356
762 360
762 567
762 604
762 663
762 665
762 666
762 698
762 762
762 763
762 783
762 877
762 900
763 762
764 314
764 452
764 457
764 599
764 676
764 765
764 775
764 795
764 849
765 68
765 186
765 417
765 425
765 589
765 599
765 609
765 685
765 775
765 784
765 794
765 795
765 801
765 852
765 911
766 151
766 178
766 217
766 346
766 393
766 406
766 435
766 438
766 439
766 447
766 457
766 516
766 538
766 671
766 980
767 302
768 160
769 87
769 264
769 479
769 510
769 515
769 647
769 697
769 770
769 872
769 991
770 509
770 510
771 772
772 30
772 134
772 137
772 175
772 200
772 225
772 248
772 294
772 328
772 364
772 557
772 596
772 685
772 693
772 772
772 911
772 953
772 954
773 182
774 710
775 186
775 256
775 314
775 425
775 431
775 444
775 446
775 518
775 589
775 599
775 673
775 685
775 764
775 765
775 775
775 795
775 801
775 849
775 911
775 973
775 999
776 527
776 740
776 741
776 743
777 187
778 50
778 158
778 406
778 779
779 50
779 99
779 146
779 147
779 158
779 175
779 192
779 195
779 285
779 314
779 333
779 336
779 346
779 358
779 392
779 406
779 410
779 438
779 505
779 509
779 510
779 602
779 620
779 640
779 644
779 676
779 778
779 779
779 841
779 875
780 178
780 192
780 314
780 781
781 222
781 313
781 332
781 356
781 477
781 536
781 780
781 911
781 951
782 390
782 589
782 783
782 862
783 46
783 86
783 167
783 299
783 338
783 390
783 444
783 459
783 522
783 567
783 615
783 666
783 744
783 750
783 762
783 782
783 783
783 941
783 968
784 10
784 40
784 41
784 54
784 111
784 135
784 138
784 175
784 261
784 289
784 294
784 304
784 313
784 332
784 364
784 417
784 431
784 442
784 500
784 502
784 534
784 557
784 573
784 589
784 590
784 596
784 609
784 617
784 631
784 636
784 660
784 677
784 693
784 694
784 715
784 749
784 760
784 765
784 772
784 784
784 785
784 790
784 797
784 801
784 805
784 808
784 954
784 966
784 968
784 972
784 999
785 784
787 685
788 10
788 66
788 171
788 215
788 259
788 272
788 314
788 356
788 393
788 446
788 447
788 577
788 589
788 599
788 663
788 664
788 689
788 726
788 788
788 789
788 794
788 859
788 875
788 902
788 911
788 980
788 991
789 788
790 784
791 22
791 163
791 209
791 302
791 433
791 579
791 687
791 760
791 818
791 861
791 893
792 138
793 794
794 20
794 22
794 63
794 68
794 86
794 120
794 158
794 167
794 192
794 202
794 207
794 211
794 259
794 264
794 272
794 275
794 287
794 292
794 302
794 304
794 327
794 336
794 337
794 346
794 366
794 390
794 392
794 393
794 397
794 433
794 435
794 439
794 440
794 452
794 457
794 467
794 516
794 536
794 538
794 599
794 605
794 621
794 622
794 623
794 631
794 632
794 673
794 685
794 697
794 788
794 793
794 794
794 809
794 818
794 837
794 838
794 872
794 903
794 907
794 911
794 918
794 920
794 939
794 950
794 972
794 977
795 107
795 346
795 510
795 534
795 589
795 749
795 764
795 765
795 775
795 795
795 808
796 690
797 41
797 104
797 135
797 294
797 399
797 596
797 631
797 704
797 714
797 784
797 805
798 481
798 799
800 134
800 431
800 801
801 46
801 58
801 182
801 217
801 292
801 301
801 304
801 314
801 420
801 441
801 452
801 457
801 535
801 599
801 626
801 673
801 676
801 784
801 838
801 849
801 852
801 872
801 929
802 160
802 264
802 360
802 515
802 525
802 872
803 167
804 805
805 24
805 41
805 68
805 104
805 134
805 240
805 261
805 289
805 292
805 294
805 309
805 310
805 332
805 372
805 373
805 417
805 431
805 502
805 572
805 590
805 592
805 609
805 612
805 621
805 631
805 632
805 634
805 636
805 677
805 694
805 704
805 714
805 715
805 760
805 761
805 784
805 797
805 805
805 823
805 850
805 885
806 731
807 808
808 1
808 3
808 20
808 34
808 87
808 97
808 149
808 167
808 175
808 186
808 192
808 254
808 301
808 302
808 313
808 326
808 390
808 392
808 397
808 406
808 417
808 441
808 455
808 479
808 499
808 500
808 512
808 536
808 622
808 623
808 644
808 652
808 784
808 795
808 807
808 808
808 809
808 818
808 849
808 867
808 872
808 903
808 911
808 918
808 919
808 968
808 972
808 973
808 996
808 997
809 32
809 50
809 87
809 140
809 240
809 287
809 314
809 327
809 349
809 391
809 392
809 433
809 440
809 509
809 510
809 599
809 622
809 663
809 673
809 685
809 697
809 733
809 779
809 808
809 809
809 818
809 837
809 838
809 875
809 903
809 911
809 918
809 950
810 20
810 48
810 63
810 65
810 79
810 81
810 86
810 146
810 160
810 163
810 187
810 192
810 200
810 207
810 251
810 264
810 305
810 312
810 315
810 326
810 344
810 346
810 366
810 388
810 393
810 408
810 424
810 430
810 440
810 467
810 527
810 599
810 609
810 615
810 628
810 634
810 660
810 694
810 707
810 710
810 726
810 740
810 741
810 743
810 784
810 795
810 811
810 827
810 835
810 838
810 849
810 852
810 868
810 872
810 920
810 972
811 811
811 911
812 444
812 567
812 604
812 812
812 813
814 34
814 35
814 54
814 120
814 222
814 261
814 283
814 389
814 455
814 644
814 657
815 459
816 668
816 798
817 137
818 10
818 22
818 34
818 35
818 50
818 68
818 120
818 149
818 158
818 167
818 178
818 182
818 186
818 192
818 195
818 202
818 203
818 217
818 240
818 255
818 261
818 278
818 294
818 298
818 301
818 302
818 314
818 326
818 333
818 336
818 349
818 372
818 389
818 390
818 392
818 397
818 406
818 413
818 417
818 433
818 440
818 446
818 452
818 455
818 467
818 493
818 500
818 505
818 510
818 515
818 536
818 577
818 586
818 592
818 599
818 615
818 623
818 626
818 631
818 661
818 673
818 677
818 685
818 693
818 697
818 725
818 748
818 749
818 752
818 761
818 779
818 794
818 808
818 809
818 818
818 819
818 823
818 838
818 861
818 872
818 873
818 874
818 918
818 949
818 968
818 973
819 240
819 622
819 818
820 505
821 58
821 534
822 358
822 509
822 510
823 10
823 41
823 68
823 240
823 332
823 431
823 626
823 631
823 805
823 818
824 287
825 497
826 202
827 491
827 685
827 827
827 849
828 687
829 217
830 54
830 718
831 832
832 528
832 831
832 832
834 647
834 835
834 991
836 306
836 307
837 30
837 328
837 440
837 622
837 794
838 3
838 10
838 20
838 32
838 34
838 35
838 68
838 72
838 86
838 87
838 97
838 104
838 111
838 120
838 126
838 136
838 140
838 158
838 167
838 186
838 192
838 200
838 202
838 203
838 207
838 240
838 248
838 256
838 259
838 261
838 264
838 272
838 278
838 289
838 290
838 292
838 294
838 299
838 301
838 302
838 312
838 314
838 323
838 332
838 336
838 337
838 356
838 387
838 388
838 390
838 392
838 397
838 406
838 417
838 420
838 433
838 435
838 441
838 452
838 457
838 479
838 481
838 493
838 505
838 509
838 510
838 516
838 536
838 577
838 589
838 590
838 599
838 615
838 631
838 663
838 668
838 673
838 676
838 677
838 697
838 718
838 764
838 794
838 801
838 809
838 818
838 838
838 839
838 843
838 849
838 850
838 852
838 855
838 861
838 862
838 872
838 907
838 911
838 918
838 920
838 932
838 933
838 972
838 973
839 838
840 788
840 841
841 1
841 10
841 44
841 50
841 56
841 97
841 99
841 146
841 147
841 158
841 175
841 192
841 195
841 206
841 285
841 304
841 333
841 336
841 356
841 406
841 422
841 440
841 446
841 505
841 516
841 602
841 620
841 640
841 668
841 685
841 693
841 733
841 779
841 841
841 911
841 920
841 957
842 827
842 911
843 20
843 56
843 68
843 130
843 182
843 192
843 202
843 203
843 207
843 209
843 217
843 248
843 256
843 264
843 289
843 290
843 299
843 301
843 313
843 314
843 333
843 356
843 360
843 392
843 425
843 435
843 452
843 457
843 479
843 497
843 509
843 512
843 536
843 599
843 604
843 615
843 631
843 663
843 664
843 668
843 671
843 673
843 676
843 713
843 794
843 838
843 843
843 849
843 852
843 856
843 862
843 872
843 900
843 911
843 918
843 968
843 972
843 992
844 20
844 175
845 326
846 130
846 261
846 292
846 298
846 305
846 473
846 557
846 647
846 694
846 703
846 893
847 586
847 718
849 20
849 68
849 83
849 104
849 107
849 134
849 135
849 147
849 149
849 158
849 167
849 200
849 202
849 203
849 240
849 248
849 251
849 252
849 254
849 256
849 259
849 261
849 278
849 289
849 290
849 292
849 299
849 301
849 302
849 312
849 313
849 314
849 336
849 346
849 364
849 390
849 392
849 397
849 415
849 422
849 447
849 452
849 455
849 467
849 489
849 505
849 509
849 516
849 535
849 536
849 575
849 577
849 602
849 622
849 623
849 626
849 668
849 671
849 673
849 676
849 685
849 693
849 733
849 779
849 794
849 827
849 838
849 843
849 849
849 852
849 868
849 893
849 911
849 918
849 920
849 972
850 104
850 200
850 225
850 248
850 364
850 450
850 557
850 805
850 850
850 851
850 953
851 248
851 338
851 850
852 34
852 35
852 41
852 54
852 58
852 68
852 83
852 87
852 99
852 102
852 104
852 167
852 222
852 240
852 256
852 259
852 261
852 278
852 292
852 301
852 313
852 314
852 332
852 336
852 337
852 347
852 349
852 356
852 372
852 379
852 387
852 388
852 392
852 408
852 417
852 422
852 430
852 431
852 442
852 444
852 452
852 455
852 457
852 493
852 509
852 510
852 516
852 525
852 534
852 535
852 536
852 557
852 577
852 595
852 599
852 609
852 611
852 615
852 623
852 626
852 631
852 634
852 663
852 664
852 666
852 668
852 676
852 677
852 682
852 690
852 694
852 697
852 703
852 704
852 744
852 775
852 794
852 801
852 811
852 838
852 843
852 849
852 852
852 853
852 872
852 873
852 875
852 900
852 911
852 918
852 920
852 941
852 967
852 968
852 980
852 991
853 87
854 666
855 838
856 26
856 59
856 843
857 336
858 859
859 10
859 65
859 147
859 149
859 158
859 171
859 175
859 184
859 259
859 272
859 393
859 577
859 606
859 685
859 726
859 788
859 859
859 882
859 897
859 902
859 911
859 980
859 996
860 302
860 861
860 893
861 22
861 50
861 433
861 599
861 818
861 838
862 22
862 41
862 104
862 111
862 248
862 256
862 290
862 294
862 298
862 332
862 373
862 417
862 446
862 457
862 497
862 534
862 589
862 612
862 622
862 626
862 631
862 632
862 685
862 693
862 694
862 714
862 862
862 863
862 903
862 911
862 966
863 577
863 862
864 328
865 5
865 134
865 137
865 967
866 137
867 707
868 20
868 65
868 66
868 79
868 126
868 147
868 171
868 186
868 203
868 272
868 302
868 314
868 318
868 326
868 388
868 389
868 392
868 397
868 432
868 434
868 435
868 466
868 467
868 495
868 535
868 538
868 599
868 673
868 689
868 693
868 697
868 717
868 726
868 788
868 801
868 859
868 868
868 869
868 872
868 911
868 942
868 992
869 868
870 749
870 811
871 872
872 10
872 32
872 65
872 87
872 119
872 126
872 167
872 182
872 186
872 192
872 217
872 240
872 264
872 292
872 314
872 338
872 366
872 392
872 397
872 433
872 435
872 440
872 441
872 452
872 462
872 466
872 467
872 479
872 509
872 510
872 535
872 536
872 595
872 599
872 644
872 673
872 685
872 715
872 745
872 794
872 802
872 808
872 809
872 818
872 843
872 868
872 872
872 881
872 900
872 911
872 918
872 920
872 929
873 207
873 314
873 326
873 347
873 389
873 424
873 425
873 446
873 599
873 702
873 752
873 818
873 852
873 872
873 873
873 874
874 22
874 106
874 186
874 207
874 287
874 314
874 326
874 347
874 389
874 424
874 452
874 663
874 693
874 702
874 752
874 818
874 873
874 874
874 911
875 32
875 261
875 285
875 312
875 358
875 389
875 446
875 457
875 500
875 509
875 510
875 575
875 663
875 664
875 682
875 694
875 697
875 707
875 723
875 779
875 788
875 809
875 822
875 852
875 875
876 328
877 10
877 106
877 459
877 518
877 720
877 744
877 762
877 877
877 878
877 907
877 937
877 972
877 973
878 877
879 106
879 330
880 309
880 310
880 626
881 302
881 467
881 872
881 893
882 726
882 859
882 996
883 26
883 59
883 884
883 885
883 886
883 887
883 994
885 26
885 59
885 805
885 885
886 26
886 59
886 885
886 886
886 994
888 63
888 192
888 333
888 493
889 48
889 704
890 891
891 222
891 313
891 536
891 635
891 660
891 890
891 891
891 911
891 949
892 893
893 673
893 687
893 718
893 849
893 893
894 589
895 304
895 366
895 479
896 32
897 726
897 859
898 30
898 328
898 440
899 900
900 256
900 314
900 336
900 356
900 397
900 535
900 599
900 673
900 676
900 685
900 693
900 843
900 852
900 899
900 900
900 911
900 972
901 209
901 302
901 579
902 171
902 259
902 393
902 538
902 577
902 726
902 788
902 859
902 980
903 30
903 87
903 104
903 261
903 278
903 328
903 332
903 349
903 392
903 406
903 439
903 440
903 509
903 510
903 595
903 622
903 623
903 697
903 703
903 779
903 794
903 808
903 809
903 862
903 872
903 968
904 563
905 10
906 907
906 932
907 10
907 175
907 299
907 440
907 663
907 664
907 720
907 794
907 838
907 877
907 907
907 932
907 972
907 973
908 326
909 415
910 745
911 10
911 30
911 41
911 68
911 71
911 81
911 83
911 102
911 106
911 119
911 126
911 163
911 175
911 200
911 202
911 203
911 207
911 211
911 233
911 251
911 252
911 259
911 272
911 287
911 292
911 313
911 314
911 338
911 344
911 346
911 349
911 356
911 379
911 388
911 389
911 397
911 415
911 417
911 440
911 441
911 446
911 447
911 452
911 467
911 481
911 489
911 493
911 497
911 512
911 518
911 534
911 535
911 536
911 577
911 623
911 626
911 631
911 663
911 664
911 668
911 671
911 673
911 676
911 684
911 685
911 693
911 694
911 704
911 733
911 765
911 772
911 775
911 781
911 788
911 794
911 808
911 809
911 811
911 838
911 841
911 842
911 849
911 859
911 862
911 868
911 872
911 891
911 900
911 911
911 918
911 919
911 929
911 972
911 980
911 991
911 996
913 264
914 338
915 79
915 509
916 917
918 87
918 120
918 126
918 186
918 207
918 256
918 314
918 397
918 433
918 452
918 457
918 500
918 535
918 599
918 623
918 668
918 673
918 676
918 685
918 808
918 809
918 818
918 849
918 852
918 872
918 911
918 919
918 972
919 175
919 349
919 392
919 446
919 457
919 623
919 661
919 911
919 918
919 941
920 7
920 10
920 22
920 56
920 175
920 184
920 192
920 251
920 252
920 256
920 314
920 333
920 336
920 397
920 406
920 435
920 440
920 467
920 493
920 505
920 516
920 599
920 602
920 673
920 676
920 733
920 794
920 838
920 841
920 849
920 852
920 872
920 920
920 921
920 954
921 272
921 920
922 72
922 312
923 222
923 338
924 202
924 203
924 925
926 781
927 536
928 929
929 10
929 20
929 65
929 158
929 167
929 186
929 209
929 222
929 259
929 312
929 336
929 360
929 397
929 406
929 441
929 457
929 510
929 512
929 535
929 604
929 622
929 640
929 673
929 676
929 685
929 718
929 772
929 801
929 818
929 843
929 852
929 872
929 911
929 928
929 929
929 988
930 931
932 86
932 135
932 298
932 372
932 373
932 446
932 534
932 663
932 664
932 715
932 907
932 932
932 937
932 972
932 973
933 338
933 579
933 838
934 20
934 178
934 315
934 346
934 434
934 435
934 447
934 538
934 671
934 934
934 935
934 939
935 178
935 326
935 934
936 698
937 10
937 37
937 106
937 287
937 336
937 444
937 446
937 506
937 567
937 615
937 663
937 664
937 693
937 698
937 717
937 750
937 932
937 937
937 968
937 972
937 973
938 698
939 20
939 163
939 178
939 192
939 264
939 302
939 346
939 435
939 439
939 440
939 447
939 467
939 516
939 538
939 671
939 934
940 356
940 941
941 86
941 167
941 299
941 522
941 563
941 567
941 663
941 664
941 744
941 852
941 919
941 932
941 940
941 941
942 571
942 868
943 135
943 138
943 225
943 364
943 373
943 943
943 944
944 285
944 364
944 943
945 946
946 945
947 147
947 149
947 192
947 273
947 274
947 333
947 425
947 586
947 663
947 664
947 937
948 949
949 10
949 34
949 35
949 83
949 192
949 211
949 217
949 222
949 240
949 256
949 278
949 313
949 379
949 389
949 431
949 455
949 536
949 599
949 635
949 685
949 693
949 694
949 818
949 843
949 849
949 852
949 891
949 948
949 949
949 951
950 30
950 217
950 267
950 328
950 397
950 439
950 440
950 467
950 622
950 794
950 809
951 34
951 35
951 217
951 222
951 278
951 283
951 455
951 536
951 657
951 781
951 949
952 104
952 557
952 953
952 954
953 104
953 248
953 254
953 327
953 328
953 557
953 881
953 953
954 104
954 557
954 920
954 954
955 326
956 620
956 957
957 184
957 640
957 957
958 959
960 959
961 959
962 959
963 959
964 959
965 668
965 972
966 136
966 442
966 609
966 784
966 818
966 862
967 5
967 25
967 26
967 47
967 59
967 114
967 117
967 430
967 852
967 865
967 885
967 887
967 994
968 37
968 46
968 167
968 182
968 186
968 256
968 261
968 299
968 301
968 314
968 356
968 444
968 459
968 534
968 567
968 569
968 589
968 599
968 604
968 605
968 609
968 615
968 631
968 663
968 664
968 668
968 717
968 752
968 783
968 808
968 818
968 852
968 903
968 929
968 937
968 968
968 972
968 973
969 397
969 415
969 694
970 417
971 323
972 10
972 46
972 86
972 126
972 167
972 182
972 256
972 299
972 301
972 302
972 314
972 336
972 356
972 372
972 397
972 406
972 440
972 446
972 452
972 457
972 505
972 512
972 534
972 535
972 563
972 599
972 604
972 631
972 663
972 664
972 668
972 676
972 693
972 720
972 784
972 794
972 838
972 843
972 849
972 877
972 907
972 932
972 937
972 968
972 972
972 973
973 46
973 167
973 240
973 292
973 299
973 301
973 444
973 446
973 631
973 663
973 664
973 666
973 685
973 720
973 744
973 775
973 818
973 877
973 907
973 932
973 937
973 968
973 972
973 973
973 982
973 983
973 984
973 992
974 975
976 385
977 4
977 5
977 134
977 527
977 743
977 794
978 87
978 111
978 292
978 314
978 323
978 338
978 392
978 462
978 595
979 980
980 259
980 272
980 314
980 393
980 577
980 599
980 685
980 693
980 726
980 766
980 788
980 852
980 859
980 902
980 911
980 979
980 980
982 46
982 292
982 631
982 775
982 972
982 973
983 973
985 71
985 387
985 986
986 985
987 130
988 929
989 225
991 87
991 192
991 256
991 599
991 685
991 788
991 872
991 911
991 991
991 992
992 160
992 202
992 203
992 256
992 264
992 425
992 450
992 509
992 510
992 589
992 668
992 818
992 843
992 868
992 919
992 920
992 973
992 991
992 992
993 994
994 4
994 5
994 26
994 46
994 59
994 60
994 94
994 114
994 118
994 250
994 430
994 885
994 887
994 967
994 994
995 697
996 20
996 178
996 315
996 346
996 415
996 435
996 447
996 538
996 595
996 599
996 670
996 671
996 808
996 859
996 911
996 934
996 996
996 997
997 26
997 59
997 808
997 887
997 996
998 192
998 336
998 493
998 682
999 10
999 104
999 107
999 256
999 441
999 442
999 626
999 715
999 749
999 775
999 784
999 999
